m 40
n 2651
k 8
p0 0.000290602 0.00036215 0.000421143 0.000414083 0.000355845 0.000216718 0.000341694 0.000353636 
p1 0.00222675 0.0032946 0.00398018 0.00355888 0.00321886 0.00127565 0.00277183 0.00279324 
p2 0.0138531 0.0217948 0.0166447 0.0124728 0.00653522 0.0116641 0.0145012 0.0166467 
p3 0.000672408 0.000525098 0.000779204 0.000625917 0.000556743 0.000411204 0.000475392 0.000835392 
p4 0.000917814 0.00137125 0.00163248 0.00145446 0.00133605 0.000578147 0.00119293 0.00114965 
p5 0.0474055 0.0742039 0.0953157 0.0831423 0.0772967 0.0227254 0.062673 0.062162 
p6 0.00391818 0.00522344 0.00642676 0.00551164 0.00508285 0.00223561 0.00465501 0.00468654 
p7 0.000617434 0.000804913 0.000887112 0.000838544 0.000722454 0.000421848 0.000606457 0.000702341 
p8 0.0042912 0.00622519 0.0075014 0.00670667 0.00597321 0.00261086 0.00532684 0.00542667 
p9 0.00139327 0.00178641 0.00189666 0.00197356 0.00180119 0.000849676 0.00144897 0.00161393 
p10 1.23454e-05 1.79884e-05 2.1926e-05 1.94823e-05 1.73871e-05 7.55419e-06 1.5435e-05 1.57114e-05 
p11 0.000135759 0.000194124 0.00023496 0.0002121 0.00018996 8.4842e-05 0.000166935 0.000170609 
p12 0.000818859 0.00110732 0.00132414 0.00122526 0.0010817 0.000559074 0.000986877 0.00102119 
p13 0.00145566 0.00176804 0.00154814 0.00177203 0.00155611 0.00114927 0.00172603 0.00185578 
p14 0.00215622 0.00196608 0.00193852 0.00152394 0.0026443 0.00166206 0.00159681 0.00195663 
p15 0.000730842 0.000924178 0.00109394 0.00107277 0.000909072 0.000548411 0.000895707 0.000873729 
p16 0.00476488 0.00599305 0.007042 0.006962 0.0059149 0.00371851 0.00595673 0.00597989 
p17 0.000637108 0.000852614 0.000997131 0.000955573 0.00083205 0.000465329 0.000801319 0.000811688 
p18 0.00185486 0.0019021 0.00239437 0.0030002 0.00192109 0.00164051 0.0020427 0.00168676 
p19 0.00096176 0.00139486 0.00169221 0.00151345 0.00136211 0.000618606 0.00117367 0.00121443 
p20 0.00190196 0.00283172 0.00349471 0.00310097 0.0028089 0.00107004 0.00242308 0.00244081 
p21 0.000520131 0.000693295 0.000807642 0.000806174 0.000698071 0.000399578 0.000660324 0.000676915 
p22 0.00251368 0.00372889 0.00361218 0.00390744 0.0031146 0.00211745 0.00189467 0.00332876 
p23 0.00184831 0.00255933 0.00306742 0.00280386 0.00246856 0.0012253 0.0023119 0.00233502 
p24 0.00109308 0.00153296 0.00181244 0.00168183 0.00143181 0.000786869 0.00139035 0.00138848 
p25 0.000140104 0.000169227 0.000184489 0.000166066 0.000166635 0.000107865 0.000156368 0.000141704 
p26 0.000423449 0.000526632 0.000628616 0.000598431 0.000504815 0.000275246 0.000493814 0.000484427 
p27 0.00251455 0.00260338 0.00301036 0.00342698 0.00280566 0.00238667 0.00324468 0.00333147 
p28 0.00106331 0.00148224 0.00176719 0.00164752 0.00144453 0.00071877 0.00134015 0.0013557 
p29 0.00115667 0.00212123 0.00165204 0.00260299 0.00193699 0.00207773 0.00267882 0.0024192 
p30 0.000668288 0.000916702 0.00110105 0.00097694 0.000885156 0.000552606 0.000802115 0.000835945 
p31 0.00339956 0.00489812 0.00591438 0.00530539 0.00473668 0.00205993 0.00422183 0.00430836 
p32 0.000620952 0.000817225 0.000993366 0.00101943 0.000804108 0.000657512 0.000851255 0.00092663 
p33 0.000151015 8.66227e-05 0.000149723 0.000149079 0.000142579 0.000150944 0.000163183 0.00011035 
p34 0.000787211 0.000936308 0.00115622 0.00104317 0.000985012 0.00046257 0.000865018 0.00109969 
p35 0.00230136 0.00330566 0.00403497 0.00360818 0.00321813 0.00149659 0.00293218 0.00295756 
p36 0.00281056 0.00148822 0.00308298 0.00349985 0.00151167 0.00222839 0.00296409 0.00303777 
p37 0.00102954 0.00142447 0.00172299 0.00159475 0.00139569 0.000675852 0.0012942 0.00131344 
p38 0.000389016 0.000541253 0.000644651 0.000590849 0.000516851 0.000259211 0.00048274 0.000490475 
p39 0.00122514 0.00175804 0.00200666 0.00180726 0.00151601 0.00094258 0.00153769 0.00133475 
q0 0 0 0 0 0 0 0 0 
q1 0 0 0 0 0 0 0 0 
q2 0 0 0 0 0 0 0 0 
q3 0 0 0 0 0 0 0 0 
q4 0 0 0 0 0 0 0 0 
q5 0 0 0 0 0 0 0 0 
q6 0 0 0 0 0 0 0 0 
q7 0 0 0 0 0 0 0 0 
q8 0 0 0 0 0 0 0 0 
q9 0 0 0 0 0 0 0 0 
q10 0 0 0 0 0 0 0 0 
q11 0 0 0 0 0 0 0 0 
q12 0 0 0 0 0 0 0 0 
q13 0 0 0 0 0 0 0 0 
q14 0 0 0 0 0 0 0 0 
q15 0 0 0 0 0 0 0 0 
q16 0 0 0 0 0 0 0 0 
q17 0 0 0 0 0 0 0 0 
q18 0 0 0 0 0 0 0 0 
q19 0 0 0 0 0 0 0 0 
q20 0 0 0 0 0 0 0 0 
q21 0 0 0 0 0 0 0 0 
q22 0 0 0 0 0 0 0 0 
q23 0 0 0 0 0 0 0 0 
q24 0 0 0 0 0 0 0 0 
q25 0 0 0 0 0 0 0 0 
q26 0 0 0 0 0 0 0 0 
q27 0 0 0 0 0 0 0 0 
q28 0 0 0 0 0 0 0 0 
q29 0 0 0 0 0 0 0 0 
q30 0.000300913 0.000575055 0.00062949 0.000604257 0.000513849 0.00045962 0.000848676 0.000516732 
q31 0 0 0 0 0 0 0 0 
q32 0 0 0 0 0 0 0 0 
q33 0 0 0 0 0 0 0 0 
q34 0 0 0 0 0 0 0 0 
q35 0 0 0 0 0 0 0 0 
q36 0 0 0 0 0 0 0 0 
q37 0 0 0 0 0 0 0 0 
q38 0 0 0 0 0 0 0 0 
q39 0 0 0 0 0 0 0 0 
q40 0 0 0 0 0 0 0 0 
q41 0 0 0 0 0 0 0 0 
q42 0 0 0 0 0 0 0 0 
q43 0 0 0 0 0 0 0 0 
q44 0 0 0 0 0 0 0 0 
q45 0 0 0 0 0 0 0 0 
q46 0 0 0 0 0 0 0 0 
q47 0 0 0 0 0 0 0 0 
q48 0 0 0 0 0 0 0 0 
q49 0 0 0 0 0 0 0 0 
q50 0 0 0 0 0 0 0 0 
q51 0 0 0 0 0 0 0 0 
q52 0 0 0 0 0 0 0 0 
q53 0 0 0 0 0 0 0 0 
q54 0.00179449 0.00189889 0.00201792 0.00182504 0.00162484 0.00152062 0.0012472 0.00180269 
q55 0 0 0 0 0 0 0 0 
q56 0 0 0 0 0 0 0 0 
q57 0 0 0 0 0 0 0 0 
q58 0 0 0 0 0 0 0 0 
q59 0 0 0 0 0 0 0 0 
q60 0 0 0 0 0 0 0 0 
q61 0 0 0 0 0 0 0 0 
q62 0 0 0 0 0 0 0 0 
q63 3.03505e-05 4.05467e-05 4.76646e-05 4.4388e-05 3.8698e-05 2.13804e-05 3.67429e-05 3.86734e-05 
q64 0 0 0 0 0 0 0 0 
q65 0.000416846 0.000442487 0.000489149 0.000537421 0.000235871 0.000565965 0.000482605 0.000354107 
q66 0 0 0 0 0 0 0 0 
q67 0 0 0 0 0 0 0 0 
q68 0 0 0 0 0 0 0 0 
q69 0 0 0 0 0 0 0 0 
q70 0 0 0 0 0 0 0 0 
q71 0 0 0 0 0 0 0 0 
q72 0 0 0 0 0 0 0 0 
q73 0 0 0 0 0 0 0 0 
q74 0 0 0 0 0 0 0 0 
q75 0 0 0 0 0 0 0 0 
q76 0 0 0 0 0 0 0 0 
q77 0 0 0 0 0 0 0 0 
q78 0 0 0 0 0 0 0 0 
q79 0 0 0 0 0 0 0 0 
q80 0 0 0 0 0 0 0 0 
q81 0 0 0 0 0 0 0 0 
q82 0 0 0 0 0 0 0 0 
q83 0.000100146 0.000142818 0.000141984 0.00015722 0.000121031 7.63418e-05 7.85352e-05 0.000121682 
q84 0 0 0 0 0 0 0 0 
q85 0 0 0 0 0 0 0 0 
q86 0 0 0 0 0 0 0 0 
q87 0 0 0 0 0 0 0 0 
q88 0 0 0 0 0 0 0 0 
q89 0 0 0 0 0 0 0 0 
q90 0 0 0 0 0 0 0 0 
q91 0 0 0 0 0 0 0 0 
q92 0 0 0 0 0 0 0 0 
q93 0 0 0 0 0 0 0 0 
q94 0 0 0 0 0 0 0 0 
q95 0 0 0 0 0 0 0 0 
q96 0 0 0 0 0 0 0 0 
q97 0 0 0 0 0 0 0 0 
q98 0 0 0 0 0 0 0 0 
q99 0.0020938 0.000585671 0.00277397 0.00190339 0.00504305 0.00507537 0.00385592 0.00546851 
q100 0 0 0 0 0 0 0 0 
q101 0 0 0 0 0 0 0 0 
q102 0 0 0 0 0 0 0 0 
q103 0 0 0 0 0 0 0 0 
q104 0.000100428 0.000122726 0.000157802 0.000157539 0.000125084 7.22181e-05 0.000117361 0.000109171 
q105 0.00174807 0.00201392 0.00253369 0.00188039 0.00166418 0.00133707 0.00162073 0.0022362 
q106 0 0 0 0 0 0 0 0 
q107 3.92442e-06 3.51573e-06 4.87909e-06 1.35852e-06 2.48979e-06 1.4519e-06 5.2691e-06 3.8745e-06 
q108 0 0 0 0 0 0 0 0 
q109 0 0 0 0 0 0 0 0 
q110 0 0 0 0 0 0 0 0 
q111 0.000872207 0.000313076 0.000782442 0.000771703 0.000752672 0.000201643 0.000936625 0.000388094 
q112 0 0 0 0 0 0 0 0 
q113 0 0 0 0 0 0 0 0 
q114 0.00210983 0.00337944 0.00267019 0.00723849 0.00681716 0.0044632 0.00409237 0.00367674 
q115 0 0 0 0 0 0 0 0 
q116 0 0 0 0 0 0 0 0 
q117 0 0 0 0 0 0 0 0 
q118 0 0 0 0 0 0 0 0 
q119 0 0 0 0 0 0 0 0 
q120 0 0 0 0 0 0 0 0 
q121 0 0 0 0 0 0 0 0 
q122 0 0 0 0 0 0 0 0 
q123 0 0 0 0 0 0 0 0 
q124 0 0 0 0 0 0 0 0 
q125 0 0 0 0 0 0 0 0 
q126 0 0 0 0 0 0 0 0 
q127 0 0 0 0 0 0 0 0 
q128 0 0 0 0 0 0 0 0 
q129 0 0 0 0 0 0 0 0 
q130 0 0 0 0 0 0 0 0 
q131 0 0 0 0 0 0 0 0 
q132 0 0 0 0 0 0 0 0 
q133 0 0 0 0 0 0 0 0 
q134 0 0 0 0 0 0 0 0 
q135 0 0 0 0 0 0 0 0 
q136 0 0 0 0 0 0 0 0 
q137 0 0 0 0 0 0 0 0 
q138 0 0 0 0 0 0 0 0 
q139 0 0 0 0 0 0 0 0 
q140 1.12076e-05 1.57355e-05 1.85462e-05 1.70256e-05 1.52043e-05 6.97023e-06 1.33731e-05 1.3961e-05 
q141 0 0 0 0 0 0 0 0 
q142 0 0 0 0 0 0 0 0 
q143 0 0 0 0 0 0 0 0 
q144 0 0 0 0 0 0 0 0 
q145 0 0 0 0 0 0 0 0 
q146 0 0 0 0 0 0 0 0 
q147 0 0 0 0 0 0 0 0 
q148 0 0 0 0 0 0 0 0 
q149 0 0 0 0 0 0 0 0 
q150 0 0 0 0 0 0 0 0 
q151 0 0 0 0 0 0 0 0 
q152 0.00512116 0.0039509 0.00808419 0.00192412 0.00126082 0.00428055 0.00358433 0.00813886 
q153 0 0 0 0 0 0 0 0 
q154 0 0 0 0 0 0 0 0 
q155 0 0 0 0 0 0 0 0 
q156 0.00694313 0.0032127 0.00698505 0.00455587 0.00395378 0.00394916 0.00219488 0.00933302 
q157 0 0 0 0 0 0 0 0 
q158 0 0 0 0 0 0 0 0 
q159 0 0 0 0 0 0 0 0 
q160 0 0 0 0 0 0 0 0 
q161 0 0 0 0 0 0 0 0 
q162 0 0 0 0 0 0 0 0 
q163 0 0 0 0 0 0 0 0 
q164 0 0 0 0 0 0 0 0 
q165 0 0 0 0 0 0 0 0 
q166 0 0 0 0 0 0 0 0 
q167 0 0 0 0 0 0 0 0 
q168 0 0 0 0 0 0 0 0 
q169 0 0 0 0 0 0 0 0 
q170 0 0 0 0 0 0 0 0 
q171 0 0 0 0 0 0 0 0 
q172 0.00100597 0.000741149 0.000768573 0.000828846 0.0012059 0.000590927 0.000886069 0.000831628 
q173 0 0 0 0 0 0 0 0 
q174 0.00242996 0.00195918 0.00593032 0.00156653 0.000907435 0.00357363 0.00184633 0.00210716 
q175 0 0 0 0 0 0 0 0 
q176 0 0 0 0 0 0 0 0 
q177 0 0 0 0 0 0 0 0 
q178 0 0 0 0 0 0 0 0 
q179 0 0 0 0 0 0 0 0 
q180 0 0 0 0 0 0 0 0 
q181 0 0 0 0 0 0 0 0 
q182 0 0 0 0 0 0 0 0 
q183 0 0 0 0 0 0 0 0 
q184 0 0 0 0 0 0 0 0 
q185 0.00124142 0.00164492 0.00179398 0.00081157 0.000663419 0.00134673 0.00170193 0.00140559 
q186 0 0 0 0 0 0 0 0 
q187 0 0 0 0 0 0 0 0 
q188 0 0 0 0 0 0 0 0 
q189 0 0 0 0 0 0 0 0 
q190 0 0 0 0 0 0 0 0 
q191 0 0 0 0 0 0 0 0 
q192 0 0 0 0 0 0 0 0 
q193 0 0 0 0 0 0 0 0 
q194 0 0 0 0 0 0 0 0 
q195 0 0 0 0 0 0 0 0 
q196 0 0 0 0 0 0 0 0 
q197 0 0 0 0 0 0 0 0 
q198 0 0 0 0 0 0 0 0 
q199 0 0 0 0 0 0 0 0 
q200 0 0 0 0 0 0 0 0 
q201 0 0 0 0 0 0 0 0 
q202 0 0 0 0 0 0 0 0 
q203 0 0 0 0 0 0 0 0 
q204 0 0 0 0 0 0 0 0 
q205 0 0 0 0 0 0 0 0 
q206 0 0 0 0 0 0 0 0 
q207 0 0 0 0 0 0 0 0 
q208 0 0 0 0 0 0 0 0 
q209 0 0 0 0 0 0 0 0 
q210 0 0 0 0 0 0 0 0 
q211 0 0 0 0 0 0 0 0 
q212 0 0 0 0 0 0 0 0 
q213 0 0 0 0 0 0 0 0 
q214 0 0 0 0 0 0 0 0 
q215 0 0 0 0 0 0 0 0 
q216 0 0 0 0 0 0 0 0 
q217 0.00729471 0.0125949 0.0111704 0.00725902 0.0034644 0.0112344 0.00971701 0.00628285 
q218 0 0 0 0 0 0 0 0 
q219 0 0 0 0 0 0 0 0 
q220 0 0 0 0 0 0 0 0 
q221 0 0 0 0 0 0 0 0 
q222 0 0 0 0 0 0 0 0 
q223 0.000103519 0.000744316 0.000182818 0.00039539 0.000223114 0.000564032 0.000117083 0.00049369 
q224 0.000573413 0.000948742 0.000420338 0.000598506 0.000367291 0.000357282 0.00087441 0.000924673 
q225 0 0 0 0 0 0 0 0 
q226 0.00386482 0.00281161 0.0027955 0.00157374 0.00737756 0.00216124 0.0031653 0.0017652 
q227 0 0 0 0 0 0 0 0 
q228 0 0 0 0 0 0 0 0 
q229 0 0 0 0 0 0 0 0 
q230 0 0 0 0 0 0 0 0 
q231 0 0 0 0 0 0 0 0 
q232 0 0 0 0 0 0 0 0 
q233 0 0 0 0 0 0 0 0 
q234 0 0 0 0 0 0 0 0 
q235 0 0 0 0 0 0 0 0 
q236 0 0 0 0 0 0 0 0 
q237 0 0 0 0 0 0 0 0 
q238 0 0 0 0 0 0 0 0 
q239 0 0 0 0 0 0 0 0 
q240 0 0 0 0 0 0 0 0 
q241 0 0 0 0 0 0 0 0 
q242 0 0 0 0 0 0 0 0 
q243 0 0 0 0 0 0 0 0 
q244 0 0 0 0 0 0 0 0 
q245 0 0 0 0 0 0 0 0 
q246 0 0 0 0 0 0 0 0 
q247 0.0024349 0.00239451 0.000355854 0.00415866 0.00354133 0.00145096 0.000762431 0.00713314 
q248 0 0 0 0 0 0 0 0 
q249 0 0 0 0 0 0 0 0 
q250 0.00441384 0.00333724 0.00728503 0.0113438 0.00652158 0.00640503 0.00579643 0.00508633 
q251 0.000169317 0.000222682 0.000243633 0.000208748 0.00018768 0.000102189 0.000192227 0.000218965 
q252 0 0 0 0 0 0 0 0 
q253 0 0 0 0 0 0 0 0 
q254 0 0 0 0 0 0 0 0 
q255 0 0 0 0 0 0 0 0 
q256 0 0 0 0 0 0 0 0 
q257 0 0 0 0 0 0 0 0 
q258 0 0 0 0 0 0 0 0 
q259 0 0 0 0 0 0 0 0 
q260 0 0 0 0 0 0 0 0 
q261 0 0 0 0 0 0 0 0 
q262 0 0 0 0 0 0 0 0 
q263 0 0 0 0 0 0 0 0 
q264 0 0 0 0 0 0 0 0 
q265 0 0 0 0 0 0 0 0 
q266 0.00415754 0.00686018 0.00123722 0.00128793 0.00513144 0.00125108 0.00558435 0.00507687 
q267 0 0 0 0 0 0 0 0 
q268 0 0 0 0 0 0 0 0 
q269 0 0 0 0 0 0 0 0 
q270 0 0 0 0 0 0 0 0 
q271 0 0 0 0 0 0 0 0 
q272 0 0 0 0 0 0 0 0 
q273 0.000645718 0.000284243 0.000543226 3.27156e-05 0.000585651 0.000506594 0.000205072 0.000598721 
q274 0 0 0 0 0 0 0 0 
q275 0 0 0 0 0 0 0 0 
q276 0.00446878 0.000487572 0.00209431 0.00291537 0.00197914 0.00183762 0.00626526 0.00760796 
q277 0 0 0 0 0 0 0 0 
q278 0.00697884 0.00548416 0.00208133 0.00874463 0.00499421 0.00798471 0.00506836 0.0068542 
q279 0 0 0 0 0 0 0 0 
q280 0 0 0 0 0 0 0 0 
q281 5.26549e-05 0.00752407 0.00404043 0.0049317 0.00481021 0.00146621 0.00218638 0.00131621 
q282 0 0 0 0 0 0 0 0 
q283 0 0 0 0 0 0 0 0 
q284 0 0 0 0 0 0 0 0 
q285 0.000439007 0.000151574 0.000701039 0.000447568 0.000309612 0.000655069 0.000473238 0.000338545 
q286 0 0 0 0 0 0 0 0 
q287 0.00100621 0.00788243 0.000247992 0.00065845 0.00400506 0.00623041 0.00756471 0.00203003 
q288 0.00416924 0.00976905 0.00539324 0.0124415 0.00862398 0.0117787 0.0139657 0.012041 
q289 0 0 0 0 0 0 0 0 
q290 0 0 0 0 0 0 0 0 
q291 0 0 0 0 0 0 0 0 
q292 0.00264694 0.00265355 0.00726518 0.0055403 0.00200986 0.00321027 0.00903957 0.00417011 
q293 0 0 0 0 0 0 0 0 
q294 0 0 0 0 0 0 0 0 
q295 0 0 0 0 0 0 0 0 
q296 0 0 0 0 0 0 0 0 
q297 0 0 0 0 0 0 0 0 
q298 0 0 0 0 0 0 0 0 
q299 0 0 0 0 0 0 0 0 
q300 0 0 0 0 0 0 0 0 
q301 0 0 0 0 0 0 0 0 
q302 0 0 0 0 0 0 0 0 
q303 0 0 0 0 0 0 0 0 
q304 0 0 0 0 0 0 0 0 
q305 0 0 0 0 0 0 0 0 
q306 0 0 0 0 0 0 0 0 
q307 0 0 0 0 0 0 0 0 
q308 0 0 0 0 0 0 0 0 
q309 0 0 0 0 0 0 0 0 
q310 0 0 0 0 0 0 0 0 
q311 0 0 0 0 0 0 0 0 
q312 0 0 0 0 0 0 0 0 
q313 0 0 0 0 0 0 0 0 
q314 0.00121949 0.0042068 0.00738315 0.00241281 0.00229752 0.00288445 0.000726781 0.00754827 
q315 0.000211093 0.000402716 0.000241833 0.000348211 0.000489802 5.21049e-05 0.000484665 3.41376e-05 
q316 0 0 0 0 0 0 0 0 
q317 0 0 0 0 0 0 0 0 
q318 0 0 0 0 0 0 0 0 
q319 0 0 0 0 0 0 0 0 
q320 0 0 0 0 0 0 0 0 
q321 0 0 0 0 0 0 0 0 
q322 0 0 0 0 0 0 0 0 
q323 0.0010498 0.00779325 0.00869837 0.00542072 0.000630898 0.00611915 0.00442754 0.0051552 
q324 0.00565821 0.000977428 0.00371411 0.000355879 0.00359576 0.00735352 0.00349798 0.00692498 
q325 0 0 0 0 0 0 0 0 
q326 0.00470111 0.00357893 0.00545311 0.00576887 0.00241721 0.00112357 0.00709806 0.000847697 
q327 0 0 0 0 0 0 0 0 
q328 0 0 0 0 0 0 0 0 
q329 0 0 0 0 0 0 0 0 
q330 0 0 0 0 0 0 0 0 
q331 0 0 0 0 0 0 0 0 
q332 0 0 0 0 0 0 0 0 
q333 0 0 0 0 0 0 0 0 
q334 0.00765269 0.0038898 0.00808896 0.0024271 0.00838531 0.00101464 0.00365363 0.00737257 
q335 0 0 0 0 0 0 0 0 
q336 0 0 0 0 0 0 0 0 
q337 0.000571655 0.000533847 0.000532264 0.000425469 0.000696679 0.000440001 0.000438142 0.000530884 
q338 0 0 0 0 0 0 0 0 
q339 0 0 0 0 0 0 0 0 
q340 0 0 0 0 0 0 0 0 
q341 0 0 0 0 0 0 0 0 
q342 0 0 0 0 0 0 0 0 
q343 0 0 0 0 0 0 0 0 
q344 0 0 0 0 0 0 0 0 
q345 0 0 0 0 0 0 0 0 
q346 0 0 0 0 0 0 0 0 
q347 0 0 0 0 0 0 0 0 
q348 0 0 0 0 0 0 0 0 
q349 0 0 0 0 0 0 0 0 
q350 0 0 0 0 0 0 0 0 
q351 0 0 0 0 0 0 0 0 
q352 0 0 0 0 0 0 0 0 
q353 0 0 0 0 0 0 0 0 
q354 0 0 0 0 0 0 0 0 
q355 0 0 0 0 0 0 0 0 
q356 0 0 0 0 0 0 0 0 
q357 0 0 0 0 0 0 0 0 
q358 0 0 0 0 0 0 0 0 
q359 0 0 0 0 0 0 0 0 
q360 0 0 0 0 0 0 0 0 
q361 0 0 0 0 0 0 0 0 
q362 0 0 0 0 0 0 0 0 
q363 0 0 0 0 0 0 0 0 
q364 0 0 0 0 0 0 0 0 
q365 0 0 0 0 0 0 0 0 
q366 0 0 0 0 0 0 0 0 
q367 0 0 0 0 0 0 0 0 
q368 0 0 0 0 0 0 0 0 
q369 0 0 0 0 0 0 0 0 
q370 0 0 0 0 0 0 0 0 
q371 0 0 0 0 0 0 0 0 
q372 0 0 0 0 0 0 0 0 
q373 0 0 0 0 0 0 0 0 
q374 0 0 0 0 0 0 0 0 
q375 0.000955295 0.000979456 0.000938548 0.000174085 0.000281768 0.000403629 0.000770935 0.000768031 
q376 0 0 0 0 0 0 0 0 
q377 0.00375603 0.00787251 0.00121173 0.00335719 0.00739316 0.00165165 0.0064006 0.00678864 
q378 0 0 0 0 0 0 0 0 
q379 0 0 0 0 0 0 0 0 
q380 0 0 0 0 0 0 0 0 
q381 0 0 0 0 0 0 0 0 
q382 0 0 0 0 0 0 0 0 
q383 0 0 0 0 0 0 0 0 
q384 0 0 0 0 0 0 0 0 
q385 0 0 0 0 0 0 0 0 
q386 0 0 0 0 0 0 0 0 
q387 0 0 0 0 0 0 0 0 
q388 0 0 0 0 0 0 0 0 
q389 0 0 0 0 0 0 0 0 
q390 0 0 0 0 0 0 0 0 
q391 0 0 0 0 0 0 0 0 
q392 0 0 0 0 0 0 0 0 
q393 0 0 0 0 0 0 0 0 
q394 0 0 0 0 0 0 0 0 
q395 0 0 0 0 0 0 0 0 
q396 0 0 0 0 0 0 0 0 
q397 0 0 0 0 0 0 0 0 
q398 0 0 0 0 0 0 0 0 
q399 0 0 0 0 0 0 0 0 
q400 0 0 0 0 0 0 0 0 
q401 0 0 0 0 0 0 0 0 
q402 0 0 0 0 0 0 0 0 
q403 0.000136494 0.000176782 0.000209885 0.000191784 0.000168563 9.34569e-05 0.000153992 0.000173004 
q404 0 0 0 0 0 0 0 0 
q405 0 0 0 0 0 0 0 0 
q406 0 0 0 0 0 0 0 0 
q407 0 0 0 0 0 0 0 0 
q408 0 0 0 0 0 0 0 0 
q409 0 0 0 0 0 0 0 0 
q410 0 0 0 0 0 0 0 0 
q411 0 0 0 0 0 0 0 0 
q412 0.0017723 0.00273883 0.000140976 0.00756701 0.00649996 0.00325035 0.00603809 0.00688128 
q413 0 0 0 0 0 0 0 0 
q414 0.00025076 9.12872e-05 0.000321621 0.000480987 0.000650976 0.000164526 0.000452518 0.000142052 
q415 0 0 0 0 0 0 0 0 
q416 0 0 0 0 0 0 0 0 
q417 0.000353155 0.000357827 0.000574518 0.000647708 0.000817842 0.000687586 2.96642e-05 0.000774616 
q418 0 0 0 0 0 0 0 0 
q419 0 0 0 0 0 0 0 0 
q420 0 0 0 0 0 0 0 0 
q421 0.00174727 0.00318438 0.00802637 0.00481583 0.00493333 0.00706339 0.000804721 0.000320767 
q422 0 0 0 0 0 0 0 0 
q423 0 0 0 0 0 0 0 0 
q424 0 0 0 0 0 0 0 0 
q425 0 0 0 0 0 0 0 0 
q426 0 0 0 0 0 0 0 0 
q427 0 0 0 0 0 0 0 0 
q428 0 0 0 0 0 0 0 0 
q429 0.00556963 0.0020189 0.00220515 0.0049424 0.00155063 0.00373783 0.00731931 0.00141249 
q430 0 0 0 0 0 0 0 0 
q431 0 0 0 0 0 0 0 0 
q432 0 0 0 0 0 0 0 0 
q433 0 0 0 0 0 0 0 0 
q434 0 0 0 0 0 0 0 0 
q435 0 0 0 0 0 0 0 0 
q436 0 0 0 0 0 0 0 0 
q437 0 0 0 0 0 0 0 0 
q438 0 0 0 0 0 0 0 0 
q439 0 0 0 0 0 0 0 0 
q440 0.129474 0.203583 0.262299 0.228447 0.21285 0.0611354 0.171738 0.170147 
q441 0 0 0 0 0 0 0 0 
q442 0 0 0 0 0 0 0 0 
q443 0 0 0 0 0 0 0 0 
q444 0 0 0 0 0 0 0 0 
q445 0 0 0 0 0 0 0 0 
q446 0 0 0 0 0 0 0 0 
q447 0 0 0 0 0 0 0 0 
q448 0 0 0 0 0 0 0 0 
q449 0 0 0 0 0 0 0 0 
q450 0 0 0 0 0 0 0 0 
q451 0 0 0 0 0 0 0 0 
q452 0 0 0 0 0 0 0 0 
q453 0 0 0 0 0 0 0 0 
q454 0 0 0 0 0 0 0 0 
q455 0 0 0 0 0 0 0 0 
q456 0 0 0 0 0 0 0 0 
q457 2.19065e-05 6.33056e-05 2.66976e-05 5.78813e-05 3.59865e-05 3.68645e-05 7.31767e-05 3.36822e-05 
q458 0 0 0 0 0 0 0 0 
q459 0 0 0 0 0 0 0 0 
q460 0 0 0 0 0 0 0 0 
q461 0 0 0 0 0 0 0 0 
q462 0 0 0 0 0 0 0 0 
q463 0 0 0 0 0 0 0 0 
q464 0.000260451 0.000350047 0.000386617 0.000380011 0.000318899 0.00019677 0.000312531 0.000332931 
q465 0 0 0 0 0 0 0 0 
q466 0 0 0 0 0 0 0 0 
q467 0 0 0 0 0 0 0 0 
q468 0 0 0 0 0 0 0 0 
q469 0 0 0 0 0 0 0 0 
q470 0 0 0 0 0 0 0 0 
q471 0 0 0 0 0 0 0 0 
q472 0 0 0 0 0 0 0 0 
q473 0 0 0 0 0 0 0 0 
q474 0 0 0 0 0 0 0 0 
q475 0.00502066 0.00693614 0.00578075 0.0043696 0.00707268 0.00556179 0.00464175 0.00319333 
q476 0 0 0 0 0 0 0 0 
q477 0 0 0 0 0 0 0 0 
q478 0 0 0 0 0 0 0 0 
q479 0 0 0 0 0 0 0 0 
q480 0 0 0 0 0 0 0 0 
q481 0 0 0 0 0 0 0 0 
q482 0 0 0 0 0 0 0 0 
q483 0 0 0 0 0 0 0 0 
q484 0 0 0 0 0 0 0 0 
q485 0 0 0 0 0 0 0 0 
q486 0 0 0 0 0 0 0 0 
q487 0 0 0 0 0 0 0 0 
q488 0 0 0 0 0 0 0 0 
q489 0 0 0 0 0 0 0 0 
q490 0 0 0 0 0 0 0 0 
q491 0 0 0 0 0 0 0 0 
q492 0 0 0 0 0 0 0 0 
q493 0 0 0 0 0 0 0 0 
q494 0 0 0 0 0 0 0 0 
q495 0 0 0 0 0 0 0 0 
q496 0 0 0 0 0 0 0 0 
q497 0 0 0 0 0 0 0 0 
q498 0 0 0 0 0 0 0 0 
q499 0 0 0 0 0 0 0 0 
q500 0 0 0 0 0 0 0 0 
q501 0 0 0 0 0 0 0 0 
q502 0 0 0 0 0 0 0 0 
q503 0 0 0 0 0 0 0 0 
q504 0 0 0 0 0 0 0 0 
q505 0 0 0 0 0 0 0 0 
q506 0 0 0 0 0 0 0 0 
q507 0.00768251 0.00310463 0.00511928 0.00150041 0.00396669 0.00246722 0.00557542 0.00568465 
q508 0 0 0 0 0 0 0 0 
q509 0 0 0 0 0 0 0 0 
q510 0 0 0 0 0 0 0 0 
q511 0.000316093 0.000486407 0.000489419 0.00054302 0.000376149 0.000520582 0.000496854 0.00050455 
q512 0 0 0 0 0 0 0 0 
q513 0 0 0 0 0 0 0 0 
q514 0 0 0 0 0 0 0 0 
q515 0 0 0 0 0 0 0 0 
q516 0 0 0 0 0 0 0 0 
q517 0 0 0 0 0 0 0 0 
q518 0 0 0 0 0 0 0 0 
q519 0 0 0 0 0 0 0 0 
q520 0 0 0 0 0 0 0 0 
q521 0.000876223 0.00515799 0.00809223 0.00702285 0.00493272 0.00233909 0.00085755 0.00506277 
q522 0 0 0 0 0 0 0 0 
q523 0 0 0 0 0 0 0 0 
q524 0 0 0 0 0 0 0 0 
q525 0 0 0 0 0 0 0 0 
q526 0 0 0 0 0 0 0 0 
q527 0 0 0 0 0 0 0 0 
q528 0 0 0 0 0 0 0 0 
q529 0 0 0 0 0 0 0 0 
q530 0 0 0 0 0 0 0 0 
q531 0 0 0 0 0 0 0 0 
q532 0 0 0 0 0 0 0 0 
q533 0 0 0 0 0 0 0 0 
q534 0.00401189 0.00339649 0.00325301 0.0052156 0.00429689 0.00486733 0.00309888 0.00380421 
q535 0 0 0 0 0 0 0 0 
q536 0 0 0 0 0 0 0 0 
q537 0 0 0 0 0 0 0 0 
q538 0 0 0 0 0 0 0 0 
q539 0 0 0 0 0 0 0 0 
q540 0.00765443 0.00152798 0.00445404 0.00351747 0.0013162 0.00284242 8.9777e-06 0.005906 
q541 0 0 0 0 0 0 0 0 
q542 4.88156e-05 6.7234e-05 8.11689e-05 7.31155e-05 6.5873e-05 3.26708e-05 6.01222e-05 6.16804e-05 
q543 0 0 0 0 0 0 0 0 
q544 0 0 0 0 0 0 0 0 
q545 0 0 0 0 0 0 0 0 
q546 0 0 0 0 0 0 0 0 
q547 0 0 0 0 0 0 0 0 
q548 0 0 0 0 0 0 0 0 
q549 0 0 0 0 0 0 0 0 
q550 0 0 0 0 0 0 0 0 
q551 0 0 0 0 0 0 0 0 
q552 0 0 0 0 0 0 0 0 
q553 0 0 0 0 0 0 0 0 
q554 0 0 0 0 0 0 0 0 
q555 0.000137037 0.000360151 0.000702515 0.000369807 0.000722239 5.81334e-05 0.00023667 0.000371709 
q556 0 0 0 0 0 0 0 0 
q557 0 0 0 0 0 0 0 0 
q558 0 0 0 0 0 0 0 0 
q559 0 0 0 0 0 0 0 0 
q560 0 0 0 0 0 0 0 0 
q561 0 0 0 0 0 0 0 0 
q562 0 0 0 0 0 0 0 0 
q563 0 0 0 0 0 0 0 0 
q564 0 0 0 0 0 0 0 0 
q565 0 0 0 0 0 0 0 0 
q566 0 0 0 0 0 0 0 0 
q567 0 0 0 0 0 0 0 0 
q568 0.000309505 0.00469013 0.000514415 0.000848703 0.00239711 0.00127103 0.000460746 0.00183341 
q569 0 0 0 0 0 0 0 0 
q570 0 0 0 0 0 0 0 0 
q571 0 0 0 0 0 0 0 0 
q572 0 0 0 0 0 0 0 0 
q573 0 0 0 0 0 0 0 0 
q574 0 0 0 0 0 0 0 0 
q575 0 0 0 0 0 0 0 0 
q576 0 0 0 0 0 0 0 0 
q577 0 0 0 0 0 0 0 0 
q578 0 0 0 0 0 0 0 0 
q579 0.00211531 0.0029241 0.00337538 0.00311376 0.00265949 0.0015179 0.0026091 0.00266786 
q580 0.000256241 0.0003357 0.000391996 0.000375542 0.00032312 0.000190717 0.000321102 0.000319641 
q581 0 0 0 0 0 0 0 0 
q582 7.1448e-05 0.000102928 0.000113717 9.82442e-05 8.32097e-05 4.64373e-05 8.46633e-05 8.79848e-05 
q583 0 0 0 0 0 0 0 0 
q584 0 0 0 0 0 0 0 0 
q585 0 0 0 0 0 0 0 0 
q586 0 0 0 0 0 0 0 0 
q587 0 0 0 0 0 0 0 0 
q588 0 0 0 0 0 0 0 0 
q589 0 0 0 0 0 0 0 0 
q590 0 0 0 0 0 0 0 0 
q591 0 0 0 0 0 0 0 0 
q592 0.00034958 0.000522941 0.000265187 0.000803187 0.000642614 0.000251963 0.000647548 0.00013623 
q593 0 0 0 0 0 0 0 0 
q594 0 0 0 0 0 0 0 0 
q595 0 0 0 0 0 0 0 0 
q596 0 0 0 0 0 0 0 0 
q597 0.0130737 0.0198873 0.0246485 0.0216167 0.0196832 0.00701756 0.016728 0.0168344 
q598 0 0 0 0 0 0 0 0 
q599 0 0 0 0 0 0 0 0 
q600 0 0 0 0 0 0 0 0 
q601 0 0 0 0 0 0 0 0 
q602 0 0 0 0 0 0 0 0 
q603 0 0 0 0 0 0 0 0 
q604 0 0 0 0 0 0 0 0 
q605 0 0 0 0 0 0 0 0 
q606 0 0 0 0 0 0 0 0 
q607 0 0 0 0 0 0 0 0 
q608 0 0 0 0 0 0 0 0 
q609 0 0 0 0 0 0 0 0 
q610 0 0 0 0 0 0 0 0 
q611 0 0 0 0 0 0 0 0 
q612 0 0 0 0 0 0 0 0 
q613 0 0 0 0 0 0 0 0 
q614 0 0 0 0 0 0 0 0 
q615 0 0 0 0 0 0 0 0 
q616 0 0 0 0 0 0 0 0 
q617 0 0 0 0 0 0 0 0 
q618 0 0 0 0 0 0 0 0 
q619 0 0 0 0 0 0 0 0 
q620 0 0 0 0 0 0 0 0 
q621 0 0 0 0 0 0 0 0 
q622 0 0 0 0 0 0 0 0 
q623 0.00183118 0.0027314 0.0024078 0.00191913 0.00129891 0.00142949 0.00198787 0.002191 
q624 0 0 0 0 0 0 0 0 
q625 0 0 0 0 0 0 0 0 
q626 1.18764e-05 6.41218e-05 0.000115979 0.000224694 0.000487129 0.000450306 0.000416201 0.000362659 
q627 5.28459e-05 7.14572e-05 8.37885e-05 7.80126e-05 6.84915e-05 3.46349e-05 6.31486e-05 6.46717e-05 
q628 0 0 0 0 0 0 0 0 
q629 0 0 0 0 0 0 0 0 
q630 0 0 0 0 0 0 0 0 
q631 0 0 0 0 0 0 0 0 
q632 0 0 0 0 0 0 0 0 
q633 0 0 0 0 0 0 0 0 
q634 0 0 0 0 0 0 0 0 
q635 0 0 0 0 0 0 0 0 
q636 0 0 0 0 0 0 0 0 
q637 0 0 0 0 0 0 0 0 
q638 0 0 0 0 0 0 0 0 
q639 0 0 0 0 0 0 0 0 
q640 0 0 0 0 0 0 0 0 
q641 0.00091976 0.000377689 0.000446521 0.000705547 0.000908782 0.000541957 0.000262325 0.000805479 
q642 0 0 0 0 0 0 0 0 
q643 0 0 0 0 0 0 0 0 
q644 0 0 0 0 0 0 0 0 
q645 0 0 0 0 0 0 0 0 
q646 0 0 0 0 0 0 0 0 
q647 0.00188055 0.00483444 0.00159914 0.00434527 0.00262728 8.49588e-05 0.00563249 0.00461462 
q648 0 0 0 0 0 0 0 0 
q649 0 0 0 0 0 0 0 0 
q650 0 0 0 0 0 0 0 0 
q651 0 0 0 0 0 0 0 0 
q652 0 0 0 0 0 0 0 0 
q653 0 0 0 0 0 0 0 0 
q654 0 0 0 0 0 0 0 0 
q655 0 0 0 0 0 0 0 0 
q656 0 0 0 0 0 0 0 0 
q657 0 0 0 0 0 0 0 0 
q658 0 0 0 0 0 0 0 0 
q659 0 0 0 0 0 0 0 0 
q660 0 0 0 0 0 0 0 0 
q661 0 0 0 0 0 0 0 0 
q662 0 0 0 0 0 0 0 0 
q663 0 0 0 0 0 0 0 0 
q664 0 0 0 0 0 0 0 0 
q665 0 0 0 0 0 0 0 0 
q666 0.00323238 0.00424458 0.00533635 0.00738217 0.00824333 0.00179038 0.00531106 0.00895287 
q667 0 0 0 0 0 0 0 0 
q668 0 0 0 0 0 0 0 0 
q669 0 0 0 0 0 0 0 0 
q670 0 0 0 0 0 0 0 0 
q671 0 0 0 0 0 0 0 0 
q672 0 0 0 0 0 0 0 0 
q673 0.000263941 0.000346937 0.000366225 0.000351015 0.000245438 0.00022689 0.000330552 0.000335976 
q674 0 0 0 0 0 0 0 0 
q675 0.0064658 0.00539139 0.00420088 0.00154261 0.00735349 0.00179541 0.00873814 0.00584432 
q676 0 0 0 0 0 0 0 0 
q677 0 0 0 0 0 0 0 0 
q678 0.00241152 0.00770004 0.00371345 0.00719811 0.00155759 0.00253112 0.00692194 0.00699568 
q679 0.000793282 8.47354e-08 6.95485e-05 0.000144691 0.000727521 2.58961e-05 0.000672791 0.000525543 
q680 0 0 0 0 0 0 0 0 
q681 0 0 0 0 0 0 0 0 
q682 0 0 0 0 0 0 0 0 
q683 0 0 0 0 0 0 0 0 
q684 0 0 0 0 0 0 0 0 
q685 0 0 0 0 0 0 0 0 
q686 0 0 0 0 0 0 0 0 
q687 0 0 0 0 0 0 0 0 
q688 0 0 0 0 0 0 0 0 
q689 0 0 0 0 0 0 0 0 
q690 0 0 0 0 0 0 0 0 
q691 0 0 0 0 0 0 0 0 
q692 0 0 0 0 0 0 0 0 
q693 0 0 0 0 0 0 0 0 
q694 0 0 0 0 0 0 0 0 
q695 0 0 0 0 0 0 0 0 
q696 0 0 0 0 0 0 0 0 
q697 0 0 0 0 0 0 0 0 
q698 0 0 0 0 0 0 0 0 
q699 0 0 0 0 0 0 0 0 
q700 0 0 0 0 0 0 0 0 
q701 0 0 0 0 0 0 0 0 
q702 0 0 0 0 0 0 0 0 
q703 0 0 0 0 0 0 0 0 
q704 0 0 0 0 0 0 0 0 
q705 0 0 0 0 0 0 0 0 
q706 0 0 0 0 0 0 0 0 
q707 0 0 0 0 0 0 0 0 
q708 0 0 0 0 0 0 0 0 
q709 0 0 0 0 0 0 0 0 
q710 0 0 0 0 0 0 0 0 
q711 0 0 0 0 0 0 0 0 
q712 0 0 0 0 0 0 0 0 
q713 0 0 0 0 0 0 0 0 
q714 0 0 0 0 0 0 0 0 
q715 0 0 0 0 0 0 0 0 
q716 0 0 0 0 0 0 0 0 
q717 0 0 0 0 0 0 0 0 
q718 0.00419215 0.00184134 0.00115971 0.00714819 0.00200439 0.00517439 4.84283e-05 0.00743091 
q719 0 0 0 0 0 0 0 0 
q720 0 0 0 0 0 0 0 0 
q721 0 0 0 0 0 0 0 0 
q722 2.8776e-05 4.37719e-05 3.62647e-05 2.83562e-05 1.72411e-05 2.35753e-05 3.03773e-05 3.42774e-05 
q723 0.000547222 0.000818607 0.000383925 8.97464e-05 0.000405924 0.000512906 0.0006542 0.000749333 
q724 0 0 0 0 0 0 0 0 
q725 0 0 0 0 0 0 0 0 
q726 0 0 0 0 0 0 0 0 
q727 0 0 0 0 0 0 0 0 
q728 0 0 0 0 0 0 0 0 
q729 0 0 0 0 0 0 0 0 
q730 0 0 0 0 0 0 0 0 
q731 0 0 0 0 0 0 0 0 
q732 0 0 0 0 0 0 0 0 
q733 0 0 0 0 0 0 0 0 
q734 0 0 0 0 0 0 0 0 
q735 0 0 0 0 0 0 0 0 
q736 0 0 0 0 0 0 0 0 
q737 0 0 0 0 0 0 0 0 
q738 0 0 0 0 0 0 0 0 
q739 4.51173e-05 4.505e-05 1.20013e-05 3.85564e-05 4.1156e-05 4.18598e-05 3.35333e-05 3.862e-05 
q740 0 0 0 0 0 0 0 0 
q741 0 0 0 0 0 0 0 0 
q742 0 0 0 0 0 0 0 0 
q743 0 0 0 0 0 0 0 0 
q744 0.00121324 0.00126568 0.00190815 0.00205197 0.00165868 0.00161111 0.0013659 0.00127976 
q745 0 0 0 0 0 0 0 0 
q746 0 0 0 0 0 0 0 0 
q747 0 0 0 0 0 0 0 0 
q748 0 0 0 0 0 0 0 0 
q749 0 0 0 0 0 0 0 0 
q750 0 0 0 0 0 0 0 0 
q751 0 0 0 0 0 0 0 0 
q752 0 0 0 0 0 0 0 0 
q753 0 0 0 0 0 0 0 0 
q754 0 0 0 0 0 0 0 0 
q755 0 0 0 0 0 0 0 0 
q756 0 0 0 0 0 0 0 0 
q757 0 0 0 0 0 0 0 0 
q758 0 0 0 0 0 0 0 0 
q759 0 0 0 0 0 0 0 0 
q760 0 0 0 0 0 0 0 0 
q761 0 0 0 0 0 0 0 0 
q762 1.73037e-06 2.1476e-06 2.42621e-06 2.54479e-06 1.88118e-06 1.49674e-06 2.05359e-06 2.03142e-06 
q763 0.000134897 0.000166765 0.000192306 0.000194703 0.000156726 0.000122257 0.000199512 0.000191041 
q764 0 0 0 0 0 0 0 0 
q765 0 0 0 0 0 0 0 0 
q766 0 0 0 0 0 0 0 0 
q767 0 0 0 0 0 0 0 0 
q768 0 0 0 0 0 0 0 0 
q769 0 0 0 0 0 0 0 0 
q770 0 0 0 0 0 0 0 0 
q771 0 0 0 0 0 0 0 0 
q772 0 0 0 0 0 0 0 0 
q773 0 0 0 0 0 0 0 0 
q774 8.31907e-05 0.000108043 0.000134435 0.000134114 0.000136213 6.06276e-05 9.04599e-05 9.13654e-05 
q775 0 0 0 0 0 0 0 0 
q776 0.00819724 0.00490928 0.00492475 0.00499896 0.00864447 0.0063575 0.000899164 0.0044237 
q777 0 0 0 0 0 0 0 0 
q778 0 0 0 0 0 0 0 0 
q779 0 0 0 0 0 0 0 0 
q780 0 0 0 0 0 0 0 0 
q781 0 0 0 0 0 0 0 0 
q782 0 0 0 0 0 0 0 0 
q783 0 0 0 0 0 0 0 0 
q784 0 0 0 0 0 0 0 0 
q785 0 0 0 0 0 0 0 0 
q786 0 0 0 0 0 0 0 0 
q787 0 0 0 0 0 0 0 0 
q788 0 0 0 0 0 0 0 0 
q789 0 0 0 0 0 0 0 0 
q790 4.0925e-05 4.70148e-05 4.64429e-05 5.213e-05 4.89978e-05 2.35586e-05 3.67276e-05 4.482e-05 
q791 0 0 0 0 0 0 0 0 
q792 0 0 0 0 0 0 0 0 
q793 0 0 0 0 0 0 0 0 
q794 0 0 0 0 0 0 0 0 
q795 0 0 0 0 0 0 0 0 
q796 0 0 0 0 0 0 0 0 
q797 0 0 0 0 0 0 0 0 
q798 0 0 0 0 0 0 0 0 
q799 0 0 0 0 0 0 0 0 
q800 0 0 0 0 0 0 0 0 
q801 0 0 0 0 0 0 0 0 
q802 0 0 0 0 0 0 0 0 
q803 0 0 0 0 0 0 0 0 
q804 0.00241654 0.00313815 0.00359434 0.00359521 0.00301026 0.00192917 0.00308263 0.00314269 
q805 0 0 0 0 0 0 0 0 
q806 0 0 0 0 0 0 0 0 
q807 0 0 0 0 0 0 0 0 
q808 0 0 0 0 0 0 0 0 
q809 0 0 0 0 0 0 0 0 
q810 0 0 0 0 0 0 0 0 
q811 0 0 0 0 0 0 0 0 
q812 0 0 0 0 0 0 0 0 
q813 0 0 0 0 0 0 0 0 
q814 0 0 0 0 0 0 0 0 
q815 0 0 0 0 0 0 0 0 
q816 0.000212918 0.00289566 0.00335662 0.00648888 0.00740855 0.00250166 0.00431551 0.00267783 
q817 0 0 0 0 0 0 0 0 
q818 0 0 0 0 0 0 0 0 
q819 0 0 0 0 0 0 0 0 
q820 0 0 0 0 0 0 0 0 
q821 0 0 0 0 0 0 0 0 
q822 0 0 0 0 0 0 0 0 
q823 0 0 0 0 0 0 0 0 
q824 0 0 0 0 0 0 0 0 
q825 0 0 0 0 0 0 0 0 
q826 0 0 0 0 0 0 0 0 
q827 0 0 0 0 0 0 0 0 
q828 0 0 0 0 0 0 0 0 
q829 0 0 0 0 0 0 0 0 
q830 0 0 0 0 0 0 0 0 
q831 0 0 0 0 0 0 0 0 
q832 0 0 0 0 0 0 0 0 
q833 0 0 0 0 0 0 0 0 
q834 0 0 0 0 0 0 0 0 
q835 0 0 0 0 0 0 0 0 
q836 0 0 0 0 0 0 0 0 
q837 0 0 0 0 0 0 0 0 
q838 0 0 0 0 0 0 0 0 
q839 0 0 0 0 0 0 0 0 
q840 0 0 0 0 0 0 0 0 
q841 0 0 0 0 0 0 0 0 
q842 0.000103924 0.000478157 0.000740736 0.000184981 0.000667798 0.000625479 0.000305424 0.000339278 
q843 0 0 0 0 0 0 0 0 
q844 0 0 0 0 0 0 0 0 
q845 0 0 0 0 0 0 0 0 
q846 0 0 0 0 0 0 0 0 
q847 0 0 0 0 0 0 0 0 
q848 0 0 0 0 0 0 0 0 
q849 0 0 0 0 0 0 0 0 
q850 0 0 0 0 0 0 0 0 
q851 0.00225364 0.00140506 0.00731901 0.00209833 0.00763008 0.00675383 0.00822722 0.00213441 
q852 0 0 0 0 0 0 0 0 
q853 0 0 0 0 0 0 0 0 
q854 0 0 0 0 0 0 0 0 
q855 0 0 0 0 0 0 0 0 
q856 0 0 0 0 0 0 0 0 
q857 0 0 0 0 0 0 0 0 
q858 0 0 0 0 0 0 0 0 
q859 0 0 0 0 0 0 0 0 
q860 0 0 0 0 0 0 0 0 
q861 0 0 0 0 0 0 0 0 
q862 0 0 0 0 0 0 0 0 
q863 0 0 0 0 0 0 0 0 
q864 0 0 0 0 0 0 0 0 
q865 0 0 0 0 0 0 0 0 
q866 0 0 0 0 0 0 0 0 
q867 0 0 0 0 0 0 0 0 
q868 0 0 0 0 0 0 0 0 
q869 0 0 0 0 0 0 0 0 
q870 0 0 0 0 0 0 0 0 
q871 0 0 0 0 0 0 0 0 
q872 0 0 0 0 0 0 0 0 
q873 0 0 0 0 0 0 0 0 
q874 0 0 0 0 0 0 0 0 
q875 0 0 0 0 0 0 0 0 
q876 0 0 0 0 0 0 0 0 
q877 0.00334455 0.00644056 0.0013922 0.00488203 0.00869973 0.0076413 0.00852068 0.00169289 
q878 0.00741517 0.00665843 0.00436441 0.00232064 0.00689399 0.00836407 0.00531078 0.00138036 
q879 0 0 0 0 0 0 0 0 
q880 0 0 0 0 0 0 0 0 
q881 0 0 0 0 0 0 0 0 
q882 0.00765853 0.00482745 0.000991789 0.00196648 0.00726658 0.0015421 0.00124675 0.00681117 
q883 0 0 0 0 0 0 0 0 
q884 0 0 0 0 0 0 0 0 
q885 0 0 0 0 0 0 0 0 
q886 0 0 0 0 0 0 0 0 
q887 0 0 0 0 0 0 0 0 
q888 0 0 0 0 0 0 0 0 
q889 0 0 0 0 0 0 0 0 
q890 0 0 0 0 0 0 0 0 
q891 0 0 0 0 0 0 0 0 
q892 0 0 0 0 0 0 0 0 
q893 0 0 0 0 0 0 0 0 
q894 0 0 0 0 0 0 0 0 
q895 0 0 0 0 0 0 0 0 
q896 0 0 0 0 0 0 0 0 
q897 0 0 0 0 0 0 0 0 
q898 0 0 0 0 0 0 0 0 
q899 0 0 0 0 0 0 0 0 
q900 0 0 0 0 0 0 0 0 
q901 0.00318116 0.0063589 0.0055766 0.00572469 0.000951696 0.0063286 0.00511405 0.0079696 
q902 0 0 0 0 0 0 0 0 
q903 0 0 0 0 0 0 0 0 
q904 0 0 0 0 0 0 0 0 
q905 0.00485792 0.00466411 0.00529465 0.00645716 0.00505701 0.00484974 0.0062281 0.00641359 
q906 0 0 0 0 0 0 0 0 
q907 0 0 0 0 0 0 0 0 
q908 0 0 0 0 0 0 0 0 
q909 0 0 0 0 0 0 0 0 
q910 0 0 0 0 0 0 0 0 
q911 0 0 0 0 0 0 0 0 
q912 0 0 0 0 0 0 0 0 
q913 0 0 0 0 0 0 0 0 
q914 0 0 0 0 0 0 0 0 
q915 0 0 0 0 0 0 0 0 
q916 0 0 0 0 0 0 0 0 
q917 0 0 0 0 0 0 0 0 
q918 0 0 0 0 0 0 0 0 
q919 0 0 0 0 0 0 0 0 
q920 0.000124967 0.000144459 0.000154285 0.000147299 0.000134465 6.57432e-05 0.000137517 0.000108369 
q921 0 0 0 0 0 0 0 0 
q922 0.00314834 0.00801028 0.00689337 0.000810734 0.00108067 0.000855324 0.00652767 0.00660305 
q923 0 0 0 0 0 0 0 0 
q924 0 0 0 0 0 0 0 0 
q925 0 0 0 0 0 0 0 0 
q926 0 0 0 0 0 0 0 0 
q927 0 0 0 0 0 0 0 0 
q928 0 0 0 0 0 0 0 0 
q929 0 0 0 0 0 0 0 0 
q930 0 0 0 0 0 0 0 0 
q931 0 0 0 0 0 0 0 0 
q932 0 0 0 0 0 0 0 0 
q933 0 0 0 0 0 0 0 0 
q934 0 0 0 0 0 0 0 0 
q935 0 0 0 0 0 0 0 0 
q936 0 0 0 0 0 0 0 0 
q937 0 0 0 0 0 0 0 0 
q938 0 0 0 0 0 0 0 0 
q939 0 0 0 0 0 0 0 0 
q940 0 0 0 0 0 0 0 0 
q941 0 0 0 0 0 0 0 0 
q942 0 0 0 0 0 0 0 0 
q943 0 0 0 0 0 0 0 0 
q944 0 0 0 0 0 0 0 0 
q945 0 0 0 0 0 0 0 0 
q946 0 0 0 0 0 0 0 0 
q947 0 0 0 0 0 0 0 0 
q948 0.00832828 0.00417072 0.00709989 0.0066541 0.00110827 0.000120324 0.00307256 0.0073771 
q949 0 0 0 0 0 0 0 0 
q950 0 0 0 0 0 0 0 0 
q951 0.000432061 0.000519543 0.000615228 0.0006162 0.000510775 0.000380425 0.000530374 0.000539443 
q952 0 0 0 0 0 0 0 0 
q953 0 0 0 0 0 0 0 0 
q954 0 0 0 0 0 0 0 0 
q955 0 0 0 0 0 0 0 0 
q956 0 0 0 0 0 0 0 0 
q957 0 0 0 0 0 0 0 0 
q958 0 0 0 0 0 0 0 0 
q959 0 0 0 0 0 0 0 0 
q960 0 0 0 0 0 0 0 0 
q961 0 0 0 0 0 0 0 0 
q962 0 0 0 0 0 0 0 0 
q963 0 0 0 0 0 0 0 0 
q964 0 0 0 0 0 0 0 0 
q965 0 0 0 0 0 0 0 0 
q966 0 0 0 0 0 0 0 0 
q967 0 0 0 0 0 0 0 0 
q968 0 0 0 0 0 0 0 0 
q969 0 0 0 0 0 0 0 0 
q970 0 0 0 0 0 0 0 0 
q971 0 0 0 0 0 0 0 0 
q972 0 0 0 0 0 0 0 0 
q973 0 0 0 0 0 0 0 0 
q974 0 0 0 0 0 0 0 0 
q975 6.42872e-05 7.58767e-05 0.000104205 6.8229e-05 4.44167e-05 8.16759e-05 8.00359e-05 5.56543e-05 
q976 0 0 0 0 0 0 0 0 
q977 9.71979e-05 0.000126089 0.000145416 0.00013913 0.00011723 7.44664e-05 0.000118622 0.00012039 
q978 0 0 0 0 0 0 0 0 
q979 0 0 0 0 0 0 0 0 
q980 0 0 0 0 0 0 0 0 
q981 0 0 0 0 0 0 0 0 
q982 0 0 0 0 0 0 0 0 
q983 0 0 0 0 0 0 0 0 
q984 0 0 0 0 0 0 0 0 
q985 0 0 0 0 0 0 0 0 
q986 3.27238e-06 4.30319e-06 4.42476e-06 4.26499e-06 4.15496e-06 2.55856e-06 3.14511e-06 4.02726e-06 
q987 0 0 0 0 0 0 0 0 
q988 0 0 0 0 0 0 0 0 
q989 0.001908 0.00589143 0.00607953 0.00152155 0.00299057 0.0019546 0.000612162 0.00362189 
q990 0 0 0 0 0 0 0 0 
q991 0 0 0 0 0 0 0 0 
q992 0 0 0 0 0 0 0 0 
q993 0.00138407 0.00702795 0.00313646 0.0018285 0.00656442 0.00745439 0.000690171 0.00444086 
q994 0 0 0 0 0 0 0 0 
q995 0 0 0 0 0 0 0 0 
q996 0 0 0 0 0 0 0 0 
q997 0 0 0 0 0 0 0 0 
q998 0 0 0 0 0 0 0 0 
q999 0 0 0 0 0 0 0 0 
q1000 0 0 0 0 0 0 0 0 
q1001 0 0 0 0 0 0 0 0 
q1002 0 0 0 0 0 0 0 0 
q1003 0 0 0 0 0 0 0 0 
q1004 0 0 0 0 0 0 0 0 
q1005 0 0 0 0 0 0 0 0 
q1006 0 0 0 0 0 0 0 0 
q1007 0 0 0 0 0 0 0 0 
q1008 0 0 0 0 0 0 0 0 
q1009 0 0 0 0 0 0 0 0 
q1010 0 0 0 0 0 0 0 0 
q1011 0 0 0 0 0 0 0 0 
q1012 0 0 0 0 0 0 0 0 
q1013 0 0 0 0 0 0 0 0 
q1014 0 0 0 0 0 0 0 0 
q1015 0 0 0 0 0 0 0 0 
q1016 0 0 0 0 0 0 0 0 
q1017 0 0 0 0 0 0 0 0 
q1018 0 0 0 0 0 0 0 0 
q1019 0 0 0 0 0 0 0 0 
q1020 0 0 0 0 0 0 0 0 
q1021 0 0 0 0 0 0 0 0 
q1022 0 0 0 0 0 0 0 0 
q1023 0 0 0 0 0 0 0 0 
q1024 0 0 0 0 0 0 0 0 
q1025 0 0 0 0 0 0 0 0 
q1026 0 0 0 0 0 0 0 0 
q1027 0 0 0 0 0 0 0 0 
q1028 0.000834672 0.00176061 0.00334257 0.00711577 0.00776917 0.00834407 0.00705889 0.00360085 
q1029 0 0 0 0 0 0 0 0 
q1030 0 0 0 0 0 0 0 0 
q1031 0 0 0 0 0 0 0 0 
q1032 0 0 0 0 0 0 0 0 
q1033 0 0 0 0 0 0 0 0 
q1034 0 0 0 0 0 0 0 0 
q1035 0 0 0 0 0 0 0 0 
q1036 0 0 0 0 0 0 0 0 
q1037 0 0 0 0 0 0 0 0 
q1038 0 0 0 0 0 0 0 0 
q1039 0 0 0 0 0 0 0 0 
q1040 0 0 0 0 0 0 0 0 
q1041 0 0 0 0 0 0 0 0 
q1042 0.000301816 0.000794249 0.000431008 0.000598187 0.000856206 0.00084714 0.000816683 0.000479866 
q1043 0 0 0 0 0 0 0 0 
q1044 0 0 0 0 0 0 0 0 
q1045 0 0 0 0 0 0 0 0 
q1046 0 0 0 0 0 0 0 0 
q1047 0 0 0 0 0 0 0 0 
q1048 0 0 0 0 0 0 0 0 
q1049 0 0 0 0 0 0 0 0 
q1050 0 0 0 0 0 0 0 0 
q1051 0.00779749 0.00772593 0.00509345 0.00518189 0.00376671 0.000159395 0.00674552 0.00395372 
q1052 0 0 0 0 0 0 0 0 
q1053 0 0 0 0 0 0 0 0 
q1054 0 0 0 0 0 0 0 0 
q1055 0 0 0 0 0 0 0 0 
q1056 0 0 0 0 0 0 0 0 
q1057 0 0 0 0 0 0 0 0 
q1058 0 0 0 0 0 0 0 0 
q1059 0 0 0 0 0 0 0 0 
q1060 0 0 0 0 0 0 0 0 
q1061 0 0 0 0 0 0 0 0 
q1062 0 0 0 0 0 0 0 0 
q1063 0.000607095 0.000856581 0.0010213 0.000929123 0.000824 0.000391295 0.000742745 0.000762947 
q1064 0 0 0 0 0 0 0 0 
q1065 0 0 0 0 0 0 0 0 
q1066 0 0 0 0 0 0 0 0 
q1067 3.66273e-05 5.20324e-05 6.13734e-05 5.0979e-05 4.78188e-05 3.19926e-05 4.34891e-05 4.62383e-05 
q1068 0 0 0 0 0 0 0 0 
q1069 0 0 0 0 0 0 0 0 
q1070 0 0 0 0 0 0 0 0 
q1071 0 0 0 0 0 0 0 0 
q1072 0 0 0 0 0 0 0 0 
q1073 0 0 0 0 0 0 0 0 
q1074 0 0 0 0 0 0 0 0 
q1075 0 0 0 0 0 0 0 0 
q1076 0 0 0 0 0 0 0 0 
q1077 0 0 0 0 0 0 0 0 
q1078 0 0 0 0 0 0 0 0 
q1079 0 0 0 0 0 0 0 0 
q1080 0 0 0 0 0 0 0 0 
q1081 0 0 0 0 0 0 0 0 
q1082 0 0 0 0 0 0 0 0 
q1083 0 0 0 0 0 0 0 0 
q1084 0 0 0 0 0 0 0 0 
q1085 0 0 0 0 0 0 0 0 
q1086 6.92262e-05 9.58439e-05 9.73843e-05 7.52304e-05 8.74755e-05 4.40669e-05 8.91499e-05 7.92369e-05 
q1087 0 0 0 0 0 0 0 0 
q1088 0 0 0 0 0 0 0 0 
q1089 0 0 0 0 0 0 0 0 
q1090 2.03287e-06 2.50975e-06 2.97342e-06 2.85567e-06 2.47891e-06 1.72084e-06 2.47768e-06 2.54842e-06 
q1091 0 0 0 0 0 0 0 0 
q1092 0 0 0 0 0 0 0 0 
q1093 0 0 0 0 0 0 0 0 
q1094 0 0 0 0 0 0 0 0 
q1095 0 0 0 0 0 0 0 0 
q1096 0 0 0 0 0 0 0 0 
q1097 0 0 0 0 0 0 0 0 
q1098 0 0 0 0 0 0 0 0 
q1099 0 0 0 0 0 0 0 0 
q1100 8.98303e-05 5.55513e-05 9.8229e-05 6.98471e-05 6.84917e-05 7.04438e-05 8.79365e-05 4.89266e-05 
q1101 0 0 0 0 0 0 0 0 
q1102 0 0 0 0 0 0 0 0 
q1103 0 0 0 0 0 0 0 0 
q1104 0 0 0 0 0 0 0 0 
q1105 0 0 0 0 0 0 0 0 
q1106 0 0 0 0 0 0 0 0 
q1107 0 0 0 0 0 0 0 0 
q1108 0 0 0 0 0 0 0 0 
q1109 0.000299565 0.000264163 0.000251827 0.000569241 0.000677989 0.000646584 0.000596076 0.00036207 
q1110 0 0 0 0 0 0 0 0 
q1111 0 0 0 0 0 0 0 0 
q1112 0 0 0 0 0 0 0 0 
q1113 0 0 0 0 0 0 0 0 
q1114 0 0 0 0 0 0 0 0 
q1115 0 0 0 0 0 0 0 0 
q1116 0 0 0 0 0 0 0 0 
q1117 0 0 0 0 0 0 0 0 
q1118 0 0 0 0 0 0 0 0 
q1119 4.76551e-05 7.03271e-05 6.77689e-05 7.35054e-05 5.86263e-05 4.02144e-05 3.53577e-05 6.26632e-05 
q1120 0 0 0 0 0 0 0 0 
q1121 0 0 0 0 0 0 0 0 
q1122 0 0 0 0 0 0 0 0 
q1123 0 0 0 0 0 0 0 0 
q1124 0 0 0 0 0 0 0 0 
q1125 0 0 0 0 0 0 0 0 
q1126 0 0 0 0 0 0 0 0 
q1127 0 0 0 0 0 0 0 0 
q1128 0 0 0 0 0 0 0 0 
q1129 0 0 0 0 0 0 0 0 
q1130 0 0 0 0 0 0 0 0 
q1131 0 0 0 0 0 0 0 0 
q1132 0 0 0 0 0 0 0 0 
q1133 0 0 0 0 0 0 0 0 
q1134 0.00809507 0.00126399 0.00439961 0.00652001 0.0016042 0.00447333 0.00782915 0.00197209 
q1135 0 0 0 0 0 0 0 0 
q1136 0 0 0 0 0 0 0 0 
q1137 0 0 0 0 0 0 0 0 
q1138 0 0 0 0 0 0 0 0 
q1139 0.000344381 0.00108399 0.000730621 0.000480618 0.00108167 0.00103918 0.000868727 0.00090645 
q1140 0 0 0 0 0 0 0 0 
q1141 0 0 0 0 0 0 0 0 
q1142 0 0 0 0 0 0 0 0 
q1143 0 0 0 0 0 0 0 0 
q1144 0 0 0 0 0 0 0 0 
q1145 0 0 0 0 0 0 0 0 
q1146 0 0 0 0 0 0 0 0 
q1147 0 0 0 0 0 0 0 0 
q1148 0 0 0 0 0 0 0 0 
q1149 0 0 0 0 0 0 0 0 
q1150 0 0 0 0 0 0 0 0 
q1151 0 0 0 0 0 0 0 0 
q1152 0 0 0 0 0 0 0 0 
q1153 0 0 0 0 0 0 0 0 
q1154 0 0 0 0 0 0 0 0 
q1155 5.37074e-05 0.000111175 0.000145468 0.000178418 0.000532075 0.000517948 0.00019807 0.000249385 
q1156 0 0 0 0 0 0 0 0 
q1157 0 0 0 0 0 0 0 0 
q1158 0 0 0 0 0 0 0 0 
q1159 0.00599069 0.000356198 0.00204214 0.00618152 0.00283575 0.00233816 0.00275002 0.00771279 
q1160 0 0 0 0 0 0 0 0 
q1161 0 0 0 0 0 0 0 0 
q1162 0 0 0 0 0 0 0 0 
q1163 0 0 0 0 0 0 0 0 
q1164 0 0 0 0 0 0 0 0 
q1165 0.000557296 0.000617072 0.00482202 0.00728034 0.000294359 0.00545261 0.00331598 0.00392074 
q1166 0 0 0 0 0 0 0 0 
q1167 0 0 0 0 0 0 0 0 
q1168 0 0 0 0 0 0 0 0 
q1169 0 0 0 0 0 0 0 0 
q1170 0 0 0 0 0 0 0 0 
q1171 0 0 0 0 0 0 0 0 
q1172 0 0 0 0 0 0 0 0 
q1173 0 0 0 0 0 0 0 0 
q1174 0.000502761 0.00554535 0.00574198 0.006511 0.00553093 0.00241235 0.00497418 0.00437998 
q1175 0 0 0 0 0 0 0 0 
q1176 0 0 0 0 0 0 0 0 
q1177 0 0 0 0 0 0 0 0 
q1178 0 0 0 0 0 0 0 0 
q1179 0 0 0 0 0 0 0 0 
q1180 0 0 0 0 0 0 0 0 
q1181 0 0 0 0 0 0 0 0 
q1182 0 0 0 0 0 0 0 0 
q1183 0 0 0 0 0 0 0 0 
q1184 0 0 0 0 0 0 0 0 
q1185 0 0 0 0 0 0 0 0 
q1186 0.00743908 0.00463182 0.00209384 0.00237191 0.00624194 0.00045018 0.00643242 0.00430672 
q1187 9.30763e-05 0.000105274 0.000152517 8.96564e-05 0.000100724 0.000104825 0.000105718 0.000113685 
q1188 0 0 0 0 0 0 0 0 
q1189 0 0 0 0 0 0 0 0 
q1190 0 0 0 0 0 0 0 0 
q1191 0 0 0 0 0 0 0 0 
q1192 0.000669169 0.000216883 0.000687155 0.000682336 0.000167902 0.000104652 0.000157202 0.000289857 
q1193 0 0 0 0 0 0 0 0 
q1194 0 0 0 0 0 0 0 0 
q1195 0.000108739 0.000154141 0.000162129 0.000161333 0.000132061 8.0135e-05 0.000103533 0.000133892 
q1196 0 0 0 0 0 0 0 0 
q1197 0 0 0 0 0 0 0 0 
q1198 0 0 0 0 0 0 0 0 
q1199 0 0 0 0 0 0 0 0 
q1200 0 0 0 0 0 0 0 0 
q1201 0 0 0 0 0 0 0 0 
q1202 0 0 0 0 0 0 0 0 
q1203 0.0034858 0.0033457 0.00623679 0.00263524 0.0012245 0.00719401 0.00522117 0.00105658 
q1204 0.00273171 0.00669243 0.00158022 0.00579212 0.00659272 0.00010249 0.00565482 0.000768087 
q1205 0 0 0 0 0 0 0 0 
q1206 0 0 0 0 0 0 0 0 
q1207 0 0 0 0 0 0 0 0 
q1208 0 0 0 0 0 0 0 0 
q1209 0 0 0 0 0 0 0 0 
q1210 0 0 0 0 0 0 0 0 
q1211 0 0 0 0 0 0 0 0 
q1212 0 0 0 0 0 0 0 0 
q1213 0 0 0 0 0 0 0 0 
q1214 0 0 0 0 0 0 0 0 
q1215 0 0 0 0 0 0 0 0 
q1216 0 0 0 0 0 0 0 0 
q1217 0 0 0 0 0 0 0 0 
q1218 0.00289254 0.00505727 0.00500325 0.0010365 0.0045527 0.00785636 0.00293895 0.00690198 
q1219 0 0 0 0 0 0 0 0 
q1220 0 0 0 0 0 0 0 0 
q1221 0 0 0 0 0 0 0 0 
q1222 0 0 0 0 0 0 0 0 
q1223 0 0 0 0 0 0 0 0 
q1224 0 0 0 0 0 0 0 0 
q1225 0 0 0 0 0 0 0 0 
q1226 0 0 0 0 0 0 0 0 
q1227 0 0 0 0 0 0 0 0 
q1228 0 0 0 0 0 0 0 0 
q1229 0 0 0 0 0 0 0 0 
q1230 0 0 0 0 0 0 0 0 
q1231 0 0 0 0 0 0 0 0 
q1232 0 0 0 0 0 0 0 0 
q1233 0 0 0 0 0 0 0 0 
q1234 0 0 0 0 0 0 0 0 
q1235 0 0 0 0 0 0 0 0 
q1236 0 0 0 0 0 0 0 0 
q1237 0 0 0 0 0 0 0 0 
q1238 0 0 0 0 0 0 0 0 
q1239 0.0121611 0.00956684 0.00851672 0.00619063 0.0143877 0.00983865 0.0076281 0.0100407 
q1240 0 0 0 0 0 0 0 0 
q1241 0 0 0 0 0 0 0 0 
q1242 0 0 0 0 0 0 0 0 
q1243 0 0 0 0 0 0 0 0 
q1244 0.00945515 0.00565773 0.00178526 0.00820909 0.00246389 0.00649699 0.00662219 0.009405 
q1245 0 0 0 0 0 0 0 0 
q1246 0 0 0 0 0 0 0 0 
q1247 0.000122485 0.000158401 0.000179033 0.000161523 0.000127445 9.42029e-05 0.0001406 0.000144615 
q1248 0 0 0 0 0 0 0 0 
q1249 0 0 0 0 0 0 0 0 
q1250 0 0 0 0 0 0 0 0 
q1251 0.0009508 0.00101447 0.00124747 0.00106131 0.00100784 0.000979599 0.00147364 0.00122154 
q1252 0.00782098 0.00307325 0.00414497 0.00136641 0.00232173 0.00431023 0.00474817 0.00712689 
q1253 0 0 0 0 0 0 0 0 
q1254 0 0 0 0 0 0 0 0 
q1255 0 0 0 0 0 0 0 0 
q1256 0 0 0 0 0 0 0 0 
q1257 0 0 0 0 0 0 0 0 
q1258 0 0 0 0 0 0 0 0 
q1259 0 0 0 0 0 0 0 0 
q1260 0 0 0 0 0 0 0 0 
q1261 0 0 0 0 0 0 0 0 
q1262 0.0035531 0.00419558 0.00621207 0.000588772 0.00358731 0.00779414 0.00377618 0.00267444 
q1263 0 0 0 0 0 0 0 0 
q1264 0 0 0 0 0 0 0 0 
q1265 0.000401989 7.48154e-05 0.000470225 0.000402551 0.000756191 0.00672517 0.00263979 0.00165646 
q1266 0 0 0 0 0 0 0 0 
q1267 0.00190537 0.0043317 0.0013641 0.00149974 0.00207676 0.000601696 0.00244294 5.67837e-05 
q1268 0 0 0 0 0 0 0 0 
q1269 0 0 0 0 0 0 0 0 
q1270 0 0 0 0 0 0 0 0 
q1271 0 0 0 0 0 0 0 0 
q1272 3.68142e-05 4.34981e-05 4.97329e-05 5.95387e-05 4.49018e-05 3.47056e-05 3.88037e-05 3.70216e-05 
q1273 0 0 0 0 0 0 0 0 
q1274 0 0 0 0 0 0 0 0 
q1275 0 0 0 0 0 0 0 0 
q1276 2.56411e-06 3.70541e-06 3.62224e-06 3.34451e-06 2.70625e-06 2.05458e-06 3.10665e-06 3.18637e-06 
q1277 0 0 0 0 0 0 0 0 
q1278 0 0 0 0 0 0 0 0 
q1279 0 0 0 0 0 0 0 0 
q1280 0 0 0 0 0 0 0 0 
q1281 0 0 0 0 0 0 0 0 
q1282 0 0 0 0 0 0 0 0 
q1283 0 0 0 0 0 0 0 0 
q1284 0 0 0 0 0 0 0 0 
q1285 0 0 0 0 0 0 0 0 
q1286 0 0 0 0 0 0 0 0 
q1287 0 0 0 0 0 0 0 0 
q1288 0.00515095 0.0039383 0.00412086 0.000884716 0.00712725 0.00527437 0.0021505 0.00304775 
q1289 0 0 0 0 0 0 0 0 
q1290 0.000330297 0.000444437 0.000523539 0.000474886 0.000421228 0.000229953 0.000388583 0.000392946 
q1291 0 0 0 0 0 0 0 0 
q1292 0 0 0 0 0 0 0 0 
q1293 0 0 0 0 0 0 0 0 
q1294 0 0 0 0 0 0 0 0 
q1295 0 0 0 0 0 0 0 0 
q1296 0 0 0 0 0 0 0 0 
q1297 0.00581134 0.000232215 0.00583064 0.00136106 0.00207212 0.00799818 0.00622823 0.00686809 
q1298 0.00928886 0.00889643 0.00691809 0.00937284 0.00688758 0.00460624 0.00499512 0.00527033 
q1299 0.0165523 0.0248319 0.023049 0.0260259 0.0201396 0.0147828 0.0109558 0.0221221 
q1300 0 0 0 0 0 0 0 0 
q1301 0 0 0 0 0 0 0 0 
q1302 0 0 0 0 0 0 0 0 
q1303 0 0 0 0 0 0 0 0 
q1304 0.0027523 0.00553018 0.00490776 0.00252981 0.00262445 0.00182026 0.00103822 0.00614968 
q1305 0 0 0 0 0 0 0 0 
q1306 0 0 0 0 0 0 0 0 
q1307 0.000345088 0.000247023 0.000305183 0.000269863 0.000577725 0.000778883 0.000647871 0.000747974 
q1308 0 0 0 0 0 0 0 0 
q1309 0 0 0 0 0 0 0 0 
q1310 0 0 0 0 0 0 0 0 
q1311 0 0 0 0 0 0 0 0 
q1312 0.00844692 0.00362724 0.00696463 0.00570972 0.00456527 0.00167868 0.00258643 0.00666851 
q1313 0 0 0 0 0 0 0 0 
q1314 3.68082e-05 4.88203e-05 5.93914e-05 5.55568e-05 4.84847e-05 2.47279e-05 4.50686e-05 4.62995e-05 
q1315 0 0 0 0 0 0 0 0 
q1316 0 0 0 0 0 0 0 0 
q1317 0 0 0 0 0 0 0 0 
q1318 0 0 0 0 0 0 0 0 
q1319 0 0 0 0 0 0 0 0 
q1320 0 0 0 0 0 0 0 0 
q1321 0 0 0 0 0 0 0 0 
q1322 0 0 0 0 0 0 0 0 
q1323 0 0 0 0 0 0 0 0 
q1324 0 0 0 0 0 0 0 0 
q1325 0 0 0 0 0 0 0 0 
q1326 0 0 0 0 0 0 0 0 
q1327 0 0 0 0 0 0 0 0 
q1328 0 0 0 0 0 0 0 0 
q1329 0 0 0 0 0 0 0 0 
q1330 0 0 0 0 0 0 0 0 
q1331 0 0 0 0 0 0 0 0 
q1332 0.00073188 0.00105481 0.00110785 0.00112604 0.000931715 0.000575191 0.000670401 0.000943021 
q1333 0 0 0 0 0 0 0 0 
q1334 0 0 0 0 0 0 0 0 
q1335 0 0 0 0 0 0 0 0 
q1336 0 0 0 0 0 0 0 0 
q1337 0.000142582 0.000199404 0.000236764 0.00021565 0.000190067 9.73559e-05 0.00017698 0.000179005 
q1338 0 0 0 0 0 0 0 0 
q1339 0 0 0 0 0 0 0 0 
q1340 0 0 0 0 0 0 0 0 
q1341 0 0 0 0 0 0 0 0 
q1342 0 0 0 0 0 0 0 0 
q1343 0 0 0 0 0 0 0 0 
q1344 0.00281591 0.00380797 0.00254095 0.00194998 0.00214698 0.00613899 0.000918821 0.00467652 
q1345 0 0 0 0 0 0 0 0 
q1346 0 0 0 0 0 0 0 0 
q1347 0 0 0 0 0 0 0 0 
q1348 0 0 0 0 0 0 0 0 
q1349 0 0 0 0 0 0 0 0 
q1350 0 0 0 0 0 0 0 0 
q1351 0 0 0 0 0 0 0 0 
q1352 0 0 0 0 0 0 0 0 
q1353 7.3357e-05 0.00011618 0.000100735 0.000142719 0.000109316 0.000112987 0.000144427 0.000137576 
q1354 0 0 0 0 0 0 0 0 
q1355 0 0 0 0 0 0 0 0 
q1356 0 0 0 0 0 0 0 0 
q1357 0 0 0 0 0 0 0 0 
q1358 0.00545414 0.0012838 0.0037998 0.00504163 0.00124065 0.00223229 0.00526706 0.00793929 
q1359 0 0 0 0 0 0 0 0 
q1360 0 0 0 0 0 0 0 0 
q1361 0 0 0 0 0 0 0 0 
q1362 0 0 0 0 0 0 0 0 
q1363 0 0 0 0 0 0 0 0 
q1364 0 0 0 0 0 0 0 0 
q1365 0 0 0 0 0 0 0 0 
q1366 0 0 0 0 0 0 0 0 
q1367 0 0 0 0 0 0 0 0 
q1368 0 0 0 0 0 0 0 0 
q1369 0 0 0 0 0 0 0 0 
q1370 0 0 0 0 0 0 0 0 
q1371 0.00687976 0.00194737 0.00557932 0.00527502 0.00329755 0.000113336 0.00488906 0.00380749 
q1372 0 0 0 0 0 0 0 0 
q1373 0 0 0 0 0 0 0 0 
q1374 0 0 0 0 0 0 0 0 
q1375 0.00332148 0.000999853 0.00223196 0.00659198 0.0054708 0.00449978 0.00529367 0.00243686 
q1376 0 0 0 0 0 0 0 0 
q1377 0 0 0 0 0 0 0 0 
q1378 0 0 0 0 0 0 0 0 
q1379 0.000191922 0.000286613 0.000283602 0.000298191 0.000244059 0.000158644 0.000157299 0.000249741 
q1380 0 0 0 0 0 0 0 0 
q1381 0 0 0 0 0 0 0 0 
q1382 0 0 0 0 0 0 0 0 
q1383 0 0 0 0 0 0 0 0 
q1384 0 0 0 0 0 0 0 0 
q1385 0 0 0 0 0 0 0 0 
q1386 0 0 0 0 0 0 0 0 
q1387 0.00649647 0.00372808 0.00153853 0.00319482 0.00741268 0.00371926 0.00301135 0.00411814 
q1388 0 0 0 0 0 0 0 0 
q1389 0 0 0 0 0 0 0 0 
q1390 0 0 0 0 0 0 0 0 
q1391 0 0 0 0 0 0 0 0 
q1392 0.00458032 0.00324426 0.00188671 0.00777141 0.00700439 0.00244778 0.00526895 0.00283572 
q1393 0 0 0 0 0 0 0 0 
q1394 0 0 0 0 0 0 0 0 
q1395 0 0 0 0 0 0 0 0 
q1396 0 0 0 0 0 0 0 0 
q1397 0 0 0 0 0 0 0 0 
q1398 0 0 0 0 0 0 0 0 
q1399 0 0 0 0 0 0 0 0 
q1400 0.000638037 0.00378929 0.000929273 0.00162799 0.00328962 0.00268186 0.00783719 0.00695894 
q1401 0 0 0 0 0 0 0 0 
q1402 0 0 0 0 0 0 0 0 
q1403 0 0 0 0 0 0 0 0 
q1404 0 0 0 0 0 0 0 0 
q1405 0 0 0 0 0 0 0 0 
q1406 0 0 0 0 0 0 0 0 
q1407 2.60945e-05 2.48211e-05 1.9988e-05 2.07403e-05 2.71743e-05 2.27032e-05 1.74464e-05 2.49028e-05 
q1408 0 0 0 0 0 0 0 0 
q1409 0 0 0 0 0 0 0 0 
q1410 0 0 0 0 0 0 0 0 
q1411 0 0 0 0 0 0 0 0 
q1412 0 0 0 0 0 0 0 0 
q1413 0 0 0 0 0 0 0 0 
q1414 0 0 0 0 0 0 0 0 
q1415 0 0 0 0 0 0 0 0 
q1416 0 0 0 0 0 0 0 0 
q1417 0.000414167 0.000357539 0.000521946 0.000559104 0.000325514 0.000353812 0.00050358 0.000498763 
q1418 0 0 0 0 0 0 0 0 
q1419 0 0 0 0 0 0 0 0 
q1420 0 0 0 0 0 0 0 0 
q1421 0 0 0 0 0 0 0 0 
q1422 0 0 0 0 0 0 0 0 
q1423 0 0 0 0 0 0 0 0 
q1424 0 0 0 0 0 0 0 0 
q1425 0 0 0 0 0 0 0 0 
q1426 0 0 0 0 0 0 0 0 
q1427 0 0 0 0 0 0 0 0 
q1428 0 0 0 0 0 0 0 0 
q1429 0.000115689 0.000164039 0.000137083 0.000128344 9.2106e-05 9.61425e-05 0.000132128 0.000145069 
q1430 0 0 0 0 0 0 0 0 
q1431 0 0 0 0 0 0 0 0 
q1432 0 0 0 0 0 0 0 0 
q1433 0 0 0 0 0 0 0 0 
q1434 0 0 0 0 0 0 0 0 
q1435 0 0 0 0 0 0 0 0 
q1436 0 0 0 0 0 0 0 0 
q1437 0 0 0 0 0 0 0 0 
q1438 0 0 0 0 0 0 0 0 
q1439 0 0 0 0 0 0 0 0 
q1440 0 0 0 0 0 0 0 0 
q1441 0 0 0 0 0 0 0 0 
q1442 0 0 0 0 0 0 0 0 
q1443 0 0 0 0 0 0 0 0 
q1444 0 0 0 0 0 0 0 0 
q1445 0.0072683 0.00233743 0.00624111 0.0019622 0.00108395 0.00727281 0.00536837 0.000905683 
q1446 0.000578371 0.000703744 0.00081116 0.000792795 0.000679459 0.000426637 0.00066051 0.000679834 
q1447 0 0 0 0 0 0 0 0 
q1448 0 0 0 0 0 0 0 0 
q1449 0 0 0 0 0 0 0 0 
q1450 0 0 0 0 0 0 0 0 
q1451 0 0 0 0 0 0 0 0 
q1452 5.25414e-05 6.23589e-05 6.22058e-05 6.58256e-05 6.45353e-05 3.69657e-05 5.00812e-05 5.95155e-05 
q1453 0 0 0 0 0 0 0 0 
q1454 0 0 0 0 0 0 0 0 
q1455 0 0 0 0 0 0 0 0 
q1456 0 0 0 0 0 0 0 0 
q1457 0 0 0 0 0 0 0 0 
q1458 0 0 0 0 0 0 0 0 
q1459 0 0 0 0 0 0 0 0 
q1460 0 0 0 0 0 0 0 0 
q1461 0.000655727 0.00109235 0.00110422 0.000850253 0.000597233 0.000645216 0.000795003 0.00119246 
q1462 0 0 0 0 0 0 0 0 
q1463 0 0 0 0 0 0 0 0 
q1464 0 0 0 0 0 0 0 0 
q1465 0 0 0 0 0 0 0 0 
q1466 0 0 0 0 0 0 0 0 
q1467 0 0 0 0 0 0 0 0 
q1468 0 0 0 0 0 0 0 0 
q1469 0.00359096 0.00532761 0.00360418 0.00471217 0.00766133 0.00417107 0.00407176 0.0029978 
q1470 0 0 0 0 0 0 0 0 
q1471 0 0 0 0 0 0 0 0 
q1472 0 0 0 0 0 0 0 0 
q1473 0.00407476 0.00590658 0.00784317 0.00334584 0.0017581 0.00321505 0.000961922 0.00290591 
q1474 0 0 0 0 0 0 0 0 
q1475 0 0 0 0 0 0 0 0 
q1476 0 0 0 0 0 0 0 0 
q1477 0 0 0 0 0 0 0 0 
q1478 0 0 0 0 0 0 0 0 
q1479 0 0 0 0 0 0 0 0 
q1480 0 0 0 0 0 0 0 0 
q1481 0 0 0 0 0 0 0 0 
q1482 0.000577881 0.000866462 0.000390587 0.00086587 0.000730733 0.000341853 0.000220035 0.000758898 
q1483 2.97727e-05 4.44753e-05 4.93719e-05 4.53427e-05 4.11162e-05 2.27002e-05 3.52286e-05 3.84273e-05 
q1484 0 0 0 0 0 0 0 0 
q1485 0 0 0 0 0 0 0 0 
q1486 0 0 0 0 0 0 0 0 
q1487 0.0052657 0.00676947 0.00207071 0.00562759 0.00219427 0.00305588 0.000779942 0.00368636 
q1488 0 0 0 0 0 0 0 0 
q1489 0 0 0 0 0 0 0 0 
q1490 0 0 0 0 0 0 0 0 
q1491 0 0 0 0 0 0 0 0 
q1492 0.000298638 0.000365337 0.000413858 0.000382174 0.000328133 0.000187247 0.000353087 0.000305211 
q1493 0 0 0 0 0 0 0 0 
q1494 0 0 0 0 0 0 0 0 
q1495 0 0 0 0 0 0 0 0 
q1496 0 0 0 0 0 0 0 0 
q1497 0 0 0 0 0 0 0 0 
q1498 0 0 0 0 0 0 0 0 
q1499 0 0 0 0 0 0 0 0 
q1500 0 0 0 0 0 0 0 0 
q1501 0 0 0 0 0 0 0 0 
q1502 0 0 0 0 0 0 0 0 
q1503 0 0 0 0 0 0 0 0 
q1504 0 0 0 0 0 0 0 0 
q1505 0.00184751 0.00730085 0.00800326 0.00110934 0.00372025 0.00559454 0.00226478 0.00332186 
q1506 0 0 0 0 0 0 0 0 
q1507 0 0 0 0 0 0 0 0 
q1508 0 0 0 0 0 0 0 0 
q1509 0 0 0 0 0 0 0 0 
q1510 0 0 0 0 0 0 0 0 
q1511 0 0 0 0 0 0 0 0 
q1512 0 0 0 0 0 0 0 0 
q1513 0 0 0 0 0 0 0 0 
q1514 0 0 0 0 0 0 0 0 
q1515 0 0 0 0 0 0 0 0 
q1516 0.0065155 0.00599634 0.00478633 0.00525274 0.00662961 -7.11191e-06 0.00521036 0.00286738 
q1517 0 0 0 0 0 0 0 0 
q1518 0 0 0 0 0 0 0 0 
q1519 0 0 0 0 0 0 0 0 
q1520 0.00455677 0.00802513 0.0057079 0.0073773 0.00622035 0.00667331 0.0078842 0.00209942 
q1521 0 0 0 0 0 0 0 0 
q1522 0 0 0 0 0 0 0 0 
q1523 0 0 0 0 0 0 0 0 
q1524 0 0 0 0 0 0 0 0 
q1525 0 0 0 0 0 0 0 0 
q1526 0 0 0 0 0 0 0 0 
q1527 0 0 0 0 0 0 0 0 
q1528 0 0 0 0 0 0 0 0 
q1529 0 0 0 0 0 0 0 0 
q1530 0 0 0 0 0 0 0 0 
q1531 0 0 0 0 0 0 0 0 
q1532 0 0 0 0 0 0 0 0 
q1533 0 0 0 0 0 0 0 0 
q1534 0 0 0 0 0 0 0 0 
q1535 0 0 0 0 0 0 0 0 
q1536 0 0 0 0 0 0 0 0 
q1537 0.000116459 0.000146476 0.00017686 0.000181875 0.000145906 0.000107303 0.000152403 0.000155069 
q1538 0 0 0 0 0 0 0 0 
q1539 0 0 0 0 0 0 0 0 
q1540 0.000234055 0.000392726 0.000704643 0.000571279 0.000616451 0.000566523 0.000476259 0.00047693 
q1541 0 0 0 0 0 0 0 0 
q1542 0 0 0 0 0 0 0 0 
q1543 0.00622143 0.006766 0.00855213 0.00622099 0.00825021 0.00151478 0.00735948 0.00252975 
q1544 0 0 0 0 0 0 0 0 
q1545 0 0 0 0 0 0 0 0 
q1546 0 0 0 0 0 0 0 0 
q1547 0 0 0 0 0 0 0 0 
q1548 0 0 0 0 0 0 0 0 
q1549 0 0 0 0 0 0 0 0 
q1550 0 0 0 0 0 0 0 0 
q1551 0 0 0 0 0 0 0 0 
q1552 0.0026891 0.00318791 0.00595888 0.00071906 0.0036104 0.00354344 0.00352927 0.00425057 
q1553 0 0 0 0 0 0 0 0 
q1554 0 0 0 0 0 0 0 0 
q1555 0 0 0 0 0 0 0 0 
q1556 0.000150584 0.000203021 0.000185635 0.00019466 0.000183205 0.000159249 0.000157602 0.000147925 
q1557 0 0 0 0 0 0 0 0 
q1558 0 0 0 0 0 0 0 0 
q1559 0 0 0 0 0 0 0 0 
q1560 0 0 0 0 0 0 0 0 
q1561 0 0 0 0 0 0 0 0 
q1562 0 0 0 0 0 0 0 0 
q1563 0 0 0 0 0 0 0 0 
q1564 0 0 0 0 0 0 0 0 
q1565 0 0 0 0 0 0 0 0 
q1566 0 0 0 0 0 0 0 0 
q1567 0.00314171 0.000322906 0.00420197 0.000987768 0.00442791 0.0074793 0.00524858 0.00158426 
q1568 0 0 0 0 0 0 0 0 
q1569 0 0 0 0 0 0 0 0 
q1570 0 0 0 0 0 0 0 0 
q1571 0 0 0 0 0 0 0 0 
q1572 0 0 0 0 0 0 0 0 
q1573 0 0 0 0 0 0 0 0 
q1574 0 0 0 0 0 0 0 0 
q1575 0 0 0 0 0 0 0 0 
q1576 0 0 0 0 0 0 0 0 
q1577 0 0 0 0 0 0 0 0 
q1578 0 0 0 0 0 0 0 0 
q1579 0 0 0 0 0 0 0 0 
q1580 0 0 0 0 0 0 0 0 
q1581 0 0 0 0 0 0 0 0 
q1582 0 0 0 0 0 0 0 0 
q1583 0 0 0 0 0 0 0 0 
q1584 0 0 0 0 0 0 0 0 
q1585 0 0 0 0 0 0 0 0 
q1586 0.0048201 0.00346131 0.00658135 0.00392364 0.00568594 0.00669417 0.00451332 0.00239491 
q1587 0 0 0 0 0 0 0 0 
q1588 0.00645824 0.00699725 0.00389687 0.00668 0.00530847 0.00348268 0.00278287 0.00277295 
q1589 0 0 0 0 0 0 0 0 
q1590 0 0 0 0 0 0 0 0 
q1591 0 0 0 0 0 0 0 0 
q1592 0 0 0 0 0 0 0 0 
q1593 0 0 0 0 0 0 0 0 
q1594 0 0 0 0 0 0 0 0 
q1595 0 0 0 0 0 0 0 0 
q1596 0 0 0 0 0 0 0 0 
q1597 0 0 0 0 0 0 0 0 
q1598 0 0 0 0 0 0 0 0 
q1599 0 0 0 0 0 0 0 0 
q1600 0 0 0 0 0 0 0 0 
q1601 0 0 0 0 0 0 0 0 
q1602 0 0 0 0 0 0 0 0 
q1603 0 0 0 0 0 0 0 0 
q1604 0 0 0 0 0 0 0 0 
q1605 0 0 0 0 0 0 0 0 
q1606 0 0 0 0 0 0 0 0 
q1607 0 0 0 0 0 0 0 0 
q1608 0 0 0 0 0 0 0 0 
q1609 0 0 0 0 0 0 0 0 
q1610 0 0 0 0 0 0 0 0 
q1611 0 0 0 0 0 0 0 0 
q1612 0 0 0 0 0 0 0 0 
q1613 0 0 0 0 0 0 0 0 
q1614 0.00531201 0.00256614 0.000583468 0.00116797 0.00407438 0.00582286 0.00193588 0.000957241 
q1615 0 0 0 0 0 0 0 0 
q1616 0 0 0 0 0 0 0 0 
q1617 0 0 0 0 0 0 0 0 
q1618 0 0 0 0 0 0 0 0 
q1619 0 0 0 0 0 0 0 0 
q1620 0 0 0 0 0 0 0 0 
q1621 0 0 0 0 0 0 0 0 
q1622 0 0 0 0 0 0 0 0 
q1623 0 0 0 0 0 0 0 0 
q1624 0 0 0 0 0 0 0 0 
q1625 0 0 0 0 0 0 0 0 
q1626 0 0 0 0 0 0 0 0 
q1627 0 0 0 0 0 0 0 0 
q1628 0 0 0 0 0 0 0 0 
q1629 0 0 0 0 0 0 0 0 
q1630 0 0 0 0 0 0 0 0 
q1631 0 0 0 0 0 0 0 0 
q1632 0 0 0 0 0 0 0 0 
q1633 0 0 0 0 0 0 0 0 
q1634 0 0 0 0 0 0 0 0 
q1635 0 0 0 0 0 0 0 0 
q1636 0 0 0 0 0 0 0 0 
q1637 0 0 0 0 0 0 0 0 
q1638 0 0 0 0 0 0 0 0 
q1639 0 0 0 0 0 0 0 0 
q1640 0 0 0 0 0 0 0 0 
q1641 0 0 0 0 0 0 0 0 
q1642 0 0 0 0 0 0 0 0 
q1643 0 0 0 0 0 0 0 0 
q1644 0 0 0 0 0 0 0 0 
q1645 0 0 0 0 0 0 0 0 
q1646 0 0 0 0 0 0 0 0 
q1647 0 0 0 0 0 0 0 0 
q1648 0 0 0 0 0 0 0 0 
q1649 0 0 0 0 0 0 0 0 
q1650 0.000130477 0.00018226 0.000215964 0.000195807 0.000172523 8.81899e-05 0.000162199 0.000160872 
q1651 0 0 0 0 0 0 0 0 
q1652 0 0 0 0 0 0 0 0 
q1653 0 0 0 0 0 0 0 0 
q1654 0 0 0 0 0 0 0 0 
q1655 0 0 0 0 0 0 0 0 
q1656 0 0 0 0 0 0 0 0 
q1657 0 0 0 0 0 0 0 0 
q1658 0 0 0 0 0 0 0 0 
q1659 0 0 0 0 0 0 0 0 
q1660 0 0 0 0 0 0 0 0 
q1661 0 0 0 0 0 0 0 0 
q1662 0 0 0 0 0 0 0 0 
q1663 0 0 0 0 0 0 0 0 
q1664 0 0 0 0 0 0 0 0 
q1665 0 0 0 0 0 0 0 0 
q1666 0 0 0 0 0 0 0 0 
q1667 0 0 0 0 0 0 0 0 
q1668 0.00544449 0.001372 0.00226886 0.00831689 0.0086784 0.00445898 0.00793316 0.00434091 
q1669 0 0 0 0 0 0 0 0 
q1670 0 0 0 0 0 0 0 0 
q1671 0 0 0 0 0 0 0 0 
q1672 0 0 0 0 0 0 0 0 
q1673 0 0 0 0 0 0 0 0 
q1674 0 0 0 0 0 0 0 0 
q1675 0 0 0 0 0 0 0 0 
q1676 0.00538902 0.00584023 0.00778878 0.00310141 0.00736641 0.0068076 0.00367024 0.000621802 
q1677 0 0 0 0 0 0 0 0 
q1678 0 0 0 0 0 0 0 0 
q1679 0 0 0 0 0 0 0 0 
q1680 0 0 0 0 0 0 0 0 
q1681 0 0 0 0 0 0 0 0 
q1682 0 0 0 0 0 0 0 0 
q1683 0 0 0 0 0 0 0 0 
q1684 0 0 0 0 0 0 0 0 
q1685 0 0 0 0 0 0 0 0 
q1686 0 0 0 0 0 0 0 0 
q1687 5.74753e-05 0.000104123 0.000105109 8.76563e-05 0.000102945 3.14608e-05 5.99019e-05 0.000100164 
q1688 0 0 0 0 0 0 0 0 
q1689 0 0 0 0 0 0 0 0 
q1690 0 0 0 0 0 0 0 0 
q1691 0.00557354 0.00157521 0.00350562 0.00416898 0.00260689 0.00438939 0.00794981 0.0049466 
q1692 0.00386714 0.00132692 0.00228755 0.00762959 0.000265831 0.0036569 0.00667854 0.00175015 
q1693 0 0 0 0 0 0 0 0 
q1694 0 0 0 0 0 0 0 0 
q1695 0 0 0 0 0 0 0 0 
q1696 0 0 0 0 0 0 0 0 
q1697 0 0 0 0 0 0 0 0 
q1698 0 0 0 0 0 0 0 0 
q1699 0 0 0 0 0 0 0 0 
q1700 0 0 0 0 0 0 0 0 
q1701 0 0 0 0 0 0 0 0 
q1702 0 0 0 0 0 0 0 0 
q1703 0 0 0 0 0 0 0 0 
q1704 0 0 0 0 0 0 0 0 
q1705 0 0 0 0 0 0 0 0 
q1706 0 0 0 0 0 0 0 0 
q1707 0 0 0 0 0 0 0 0 
q1708 0 0 0 0 0 0 0 0 
q1709 0 0 0 0 0 0 0 0 
q1710 0 0 0 0 0 0 0 0 
q1711 0 0 0 0 0 0 0 0 
q1712 0 0 0 0 0 0 0 0 
q1713 0 0 0 0 0 0 0 0 
q1714 0 0 0 0 0 0 0 0 
q1715 0 0 0 0 0 0 0 0 
q1716 0 0 0 0 0 0 0 0 
q1717 0.00189011 0.00567342 0.000186879 0.00462012 0.00289616 0.00622253 0.00153525 0.00173688 
q1718 0 0 0 0 0 0 0 0 
q1719 0 0 0 0 0 0 0 0 
q1720 0 0 0 0 0 0 0 0 
q1721 0 0 0 0 0 0 0 0 
q1722 0 0 0 0 0 0 0 0 
q1723 0 0 0 0 0 0 0 0 
q1724 0 0 0 0 0 0 0 0 
q1725 0 0 0 0 0 0 0 0 
q1726 0 0 0 0 0 0 0 0 
q1727 0 0 0 0 0 0 0 0 
q1728 0 0 0 0 0 0 0 0 
q1729 0 0 0 0 0 0 0 0 
q1730 0 0 0 0 0 0 0 0 
q1731 0 0 0 0 0 0 0 0 
q1732 0 0 0 0 0 0 0 0 
q1733 0 0 0 0 0 0 0 0 
q1734 0 0 0 0 0 0 0 0 
q1735 0.00738176 0.00669138 0.00689914 0.0018494 -3.5509e-05 0.00450831 0.00366777 0.00213968 
q1736 0 0 0 0 0 0 0 0 
q1737 0 0 0 0 0 0 0 0 
q1738 0.000328759 0.000412979 0.000500227 0.000451537 0.000405243 0.000228097 0.000394844 0.000396585 
q1739 0 0 0 0 0 0 0 0 
q1740 0 0 0 0 0 0 0 0 
q1741 0 0 0 0 0 0 0 0 
q1742 0 0 0 0 0 0 0 0 
q1743 0 0 0 0 0 0 0 0 
q1744 0 0 0 0 0 0 0 0 
q1745 0 0 0 0 0 0 0 0 
q1746 0.000308563 0.000341906 0.000403356 0.000400519 0.000333347 0.000262229 0.000355815 0.000360726 
q1747 0 0 0 0 0 0 0 0 
q1748 0 0 0 0 0 0 0 0 
q1749 0 0 0 0 0 0 0 0 
q1750 0 0 0 0 0 0 0 0 
q1751 0 0 0 0 0 0 0 0 
q1752 0 0 0 0 0 0 0 0 
q1753 0.00319793 0.00723484 0.00205041 0.0018871 0.00314832 0.00621879 0.00107806 0.00455599 
q1754 0.000753704 0.00428329 0.00136356 0.00104659 0.00109678 0.00425133 0.00382235 0.00265934 
q1755 0 0 0 0 0 0 0 0 
q1756 0 0 0 0 0 0 0 0 
q1757 0 0 0 0 0 0 0 0 
q1758 0.000141117 0.000199482 0.000245744 0.000220693 0.000209821 9.59747e-05 0.000181575 0.000178048 
q1759 0 0 0 0 0 0 0 0 
q1760 0 0 0 0 0 0 0 0 
q1761 0 0 0 0 0 0 0 0 
q1762 0 0 0 0 0 0 0 0 
q1763 0 0 0 0 0 0 0 0 
q1764 0 0 0 0 0 0 0 0 
q1765 0 0 0 0 0 0 0 0 
q1766 0 0 0 0 0 0 0 0 
q1767 0 0 0 0 0 0 0 0 
q1768 0 0 0 0 0 0 0 0 
q1769 0 0 0 0 0 0 0 0 
q1770 0 0 0 0 0 0 0 0 
q1771 0.000550377 0.00055333 0.000609928 0.000208475 0.000307216 0.000759977 0.00012525 0.000159579 
q1772 0 0 0 0 0 0 0 0 
q1773 0 0 0 0 0 0 0 0 
q1774 0.00338539 0.0056651 0.00570388 0.00208257 0.00737973 0.00570169 0.00528063 0.00326315 
q1775 0 0 0 0 0 0 0 0 
q1776 0.00299408 0.00720328 0.00466247 0.00278649 0.00415341 0.00350288 0.00309302 0.0018502 
q1777 0 0 0 0 0 0 0 0 
q1778 0 0 0 0 0 0 0 0 
q1779 0 0 0 0 0 0 0 0 
q1780 0 0 0 0 0 0 0 0 
q1781 0 0 0 0 0 0 0 0 
q1782 0 0 0 0 0 0 0 0 
q1783 0 0 0 0 0 0 0 0 
q1784 0 0 0 0 0 0 0 0 
q1785 0.000146658 0.000103759 0.000171276 0.000197186 0.000101109 0.000127118 0.00017283 0.000172617 
q1786 0 0 0 0 0 0 0 0 
q1787 0 0 0 0 0 0 0 0 
q1788 0 0 0 0 0 0 0 0 
q1789 0 0 0 0 0 0 0 0 
q1790 0.000167531 0.000224976 0.000262963 0.000253581 0.000219219 0.000142474 0.000222406 0.000229696 
q1791 0 0 0 0 0 0 0 0 
q1792 0 0 0 0 0 0 0 0 
q1793 0 0 0 0 0 0 0 0 
q1794 0 0 0 0 0 0 0 0 
q1795 0 0 0 0 0 0 0 0 
q1796 0.00104767 0.0013541 0.00121266 0.000982956 0.00135823 0.00100146 0.000503625 0.00099788 
q1797 0 0 0 0 0 0 0 0 
q1798 0 0 0 0 0 0 0 0 
q1799 0 0 0 0 0 0 0 0 
q1800 0 0 0 0 0 0 0 0 
q1801 0 0 0 0 0 0 0 0 
q1802 0 0 0 0 0 0 0 0 
q1803 0 0 0 0 0 0 0 0 
q1804 0 0 0 0 0 0 0 0 
q1805 0 0 0 0 0 0 0 0 
q1806 0 0 0 0 0 0 0 0 
q1807 0.000293681 0.000399231 0.000477188 0.000433103 0.000391378 0.000199549 0.000347747 0.00035618 
q1808 0 0 0 0 0 0 0 0 
q1809 0 0 0 0 0 0 0 0 
q1810 0 0 0 0 0 0 0 0 
q1811 0 0 0 0 0 0 0 0 
q1812 0 0 0 0 0 0 0 0 
q1813 0 0 0 0 0 0 0 0 
q1814 0 0 0 0 0 0 0 0 
q1815 0 0 0 0 0 0 0 0 
q1816 0 0 0 0 0 0 0 0 
q1817 0 0 0 0 0 0 0 0 
q1818 0.00624683 0.0038488 0.00512763 0.00663406 0.00875575 0.00613277 0.00244637 0.0066532 
q1819 0 0 0 0 0 0 0 0 
q1820 0 0 0 0 0 0 0 0 
q1821 0 0 0 0 0 0 0 0 
q1822 0 0 0 0 0 0 0 0 
q1823 0 0 0 0 0 0 0 0 
q1824 0 0 0 0 0 0 0 0 
q1825 0 0 0 0 0 0 0 0 
q1826 0 0 0 0 0 0 0 0 
q1827 0.000321757 0.000464444 0.000518185 0.000494184 0.000438817 0.000222087 0.000331951 0.000406562 
q1828 0 0 0 0 0 0 0 0 
q1829 0 0 0 0 0 0 0 0 
q1830 0 0 0 0 0 0 0 0 
q1831 0 0 0 0 0 0 0 0 
q1832 0 0 0 0 0 0 0 0 
q1833 0 0 0 0 0 0 0 0 
q1834 0 0 0 0 0 0 0 0 
q1835 0 0 0 0 0 0 0 0 
q1836 0 0 0 0 0 0 0 0 
q1837 0 0 0 0 0 0 0 0 
q1838 0 0 0 0 0 0 0 0 
q1839 0 0 0 0 0 0 0 0 
q1840 0 0 0 0 0 0 0 0 
q1841 0 0 0 0 0 0 0 0 
q1842 0 0 0 0 0 0 0 0 
q1843 0 0 0 0 0 0 0 0 
q1844 0 0 0 0 0 0 0 0 
q1845 0 0 0 0 0 0 0 0 
q1846 0 0 0 0 0 0 0 0 
q1847 0 0 0 0 0 0 0 0 
q1848 0 0 0 0 0 0 0 0 
q1849 0 0 0 0 0 0 0 0 
q1850 0 0 0 0 0 0 0 0 
q1851 0 0 0 0 0 0 0 0 
q1852 0 0 0 0 0 0 0 0 
q1853 0 0 0 0 0 0 0 0 
q1854 0.00348143 0.00280363 0.00663884 0.00312382 0.00301963 0.00490068 0.00222675 0.000347282 
q1855 0 0 0 0 0 0 0 0 
q1856 0 0 0 0 0 0 0 0 
q1857 0 0 0 0 0 0 0 0 
q1858 0 0 0 0 0 0 0 0 
q1859 0 0 0 0 0 0 0 0 
q1860 0 0 0 0 0 0 0 0 
q1861 0 0 0 0 0 0 0 0 
q1862 0 0 0 0 0 0 0 0 
q1863 0 0 0 0 0 0 0 0 
q1864 0 0 0 0 0 0 0 0 
q1865 0 0 0 0 0 0 0 0 
q1866 0 0 0 0 0 0 0 0 
q1867 0 0 0 0 0 0 0 0 
q1868 0 0 0 0 0 0 0 0 
q1869 0 0 0 0 0 0 0 0 
q1870 0 0 0 0 0 0 0 0 
q1871 0 0 0 0 0 0 0 0 
q1872 0 0 0 0 0 0 0 0 
q1873 0 0 0 0 0 0 0 0 
q1874 0.000268222 0.000178709 0.00027348 0.000196298 0.000215021 0.000429093 0.000311934 0.000594402 
q1875 0 0 0 0 0 0 0 0 
q1876 0 0 0 0 0 0 0 0 
q1877 0 0 0 0 0 0 0 0 
q1878 0 0 0 0 0 0 0 0 
q1879 0 0 0 0 0 0 0 0 
q1880 0 0 0 0 0 0 0 0 
q1881 0 0 0 0 0 0 0 0 
q1882 0 0 0 0 0 0 0 0 
q1883 0 0 0 0 0 0 0 0 
q1884 0 0 0 0 0 0 0 0 
q1885 0 0 0 0 0 0 0 0 
q1886 0 0 0 0 0 0 0 0 
q1887 0 0 0 0 0 0 0 0 
q1888 0 0 0 0 0 0 0 0 
q1889 0 0 0 0 0 0 0 0 
q1890 0 0 0 0 0 0 0 0 
q1891 0 0 0 0 0 0 0 0 
q1892 0 0 0 0 0 0 0 0 
q1893 0.00172591 0.00176918 0.00206388 0.00184341 0.00173276 0.00139435 0.00195016 0.00203044 
q1894 0 0 0 0 0 0 0 0 
q1895 0 0 0 0 0 0 0 0 
q1896 0 0 0 0 0 0 0 0 
q1897 0 0 0 0 0 0 0 0 
q1898 0 0 0 0 0 0 0 0 
q1899 0 0 0 0 0 0 0 0 
q1900 0 0 0 0 0 0 0 0 
q1901 0 0 0 0 0 0 0 0 
q1902 0 0 0 0 0 0 0 0 
q1903 0 0 0 0 0 0 0 0 
q1904 0 0 0 0 0 0 0 0 
q1905 0 0 0 0 0 0 0 0 
q1906 0 0 0 0 0 0 0 0 
q1907 0 0 0 0 0 0 0 0 
q1908 0 0 0 0 0 0 0 0 
q1909 0 0 0 0 0 0 0 0 
q1910 0 0 0 0 0 0 0 0 
q1911 0 0 0 0 0 0 0 0 
q1912 0.00090177 0.000570038 0.00106522 0.00356083 0.0052889 0.00177051 0.00291299 0.00728112 
q1913 0 0 0 0 0 0 0 0 
q1914 0 0 0 0 0 0 0 0 
q1915 0 0 0 0 0 0 0 0 
q1916 0 0 0 0 0 0 0 0 
q1917 0 0 0 0 0 0 0 0 
q1918 0 0 0 0 0 0 0 0 
q1919 0 0 0 0 0 0 0 0 
q1920 0.000506659 0.000726664 0.000866388 0.00058976 0.000444347 0.000825713 0.000457914 0.000418494 
q1921 0 0 0 0 0 0 0 0 
q1922 0 0 0 0 0 0 0 0 
q1923 0 0 0 0 0 0 0 0 
q1924 0 0 0 0 0 0 0 0 
q1925 0 0 0 0 0 0 0 0 
q1926 0 0 0 0 0 0 0 0 
q1927 0 0 0 0 0 0 0 0 
q1928 0 0 0 0 0 0 0 0 
q1929 0 0 0 0 0 0 0 0 
q1930 0 0 0 0 0 0 0 0 
q1931 0.00702187 0.00380418 0.000371825 0.00234303 0.00603836 0.00130505 0.00812882 0.00735623 
q1932 0.00749806 0.000710296 0.00474098 0.00030225 0.00435491 0.00762163 0.0063059 0.0060305 
q1933 0 0 0 0 0 0 0 0 
q1934 0 0 0 0 0 0 0 0 
q1935 0 0 0 0 0 0 0 0 
q1936 0 0 0 0 0 0 0 0 
q1937 0 0 0 0 0 0 0 0 
q1938 0 0 0 0 0 0 0 0 
q1939 0 0 0 0 0 0 0 0 
q1940 0 0 0 0 0 0 0 0 
q1941 0 0 0 0 0 0 0 0 
q1942 0 0 0 0 0 0 0 0 
q1943 0 0 0 0 0 0 0 0 
q1944 0 0 0 0 0 0 0 0 
q1945 0 0 0 0 0 0 0 0 
q1946 0 0 0 0 0 0 0 0 
q1947 0 0 0 0 0 0 0 0 
q1948 0.001103 0.000852109 0.00105696 0.000417647 0.000675555 0.00109829 0.0011143 0.00070147 
q1949 0 0 0 0 0 0 0 0 
q1950 0 0 0 0 0 0 0 0 
q1951 0 0 0 0 0 0 0 0 
q1952 0.00455875 0.00369348 0.00698519 0.00334526 0.00203798 0.00360702 1.65411e-05 0.00512039 
q1953 0 0 0 0 0 0 0 0 
q1954 0 0 0 0 0 0 0 0 
q1955 0 0 0 0 0 0 0 0 
q1956 0 0 0 0 0 0 0 0 
q1957 0 0 0 0 0 0 0 0 
q1958 0 0 0 0 0 0 0 0 
q1959 0 0 0 0 0 0 0 0 
q1960 0 0 0 0 0 0 0 0 
q1961 0 0 0 0 0 0 0 0 
q1962 0 0 0 0 0 0 0 0 
q1963 0 0 0 0 0 0 0 0 
q1964 0 0 0 0 0 0 0 0 
q1965 0 0 0 0 0 0 0 0 
q1966 8.53651e-06 1.17655e-05 1.39311e-05 1.30611e-05 1.13171e-05 6.30922e-06 1.06699e-05 1.07834e-05 
q1967 0 0 0 0 0 0 0 0 
q1968 0 0 0 0 0 0 0 0 
q1969 0 0 0 0 0 0 0 0 
q1970 0 0 0 0 0 0 0 0 
q1971 0 0 0 0 0 0 0 0 
q1972 0 0 0 0 0 0 0 0 
q1973 0 0 0 0 0 0 0 0 
q1974 0 0 0 0 0 0 0 0 
q1975 0 0 0 0 0 0 0 0 
q1976 0 0 0 0 0 0 0 0 
q1977 0 0 0 0 0 0 0 0 
q1978 0 0 0 0 0 0 0 0 
q1979 0 0 0 0 0 0 0 0 
q1980 0 0 0 0 0 0 0 0 
q1981 0 0 0 0 0 0 0 0 
q1982 0 0 0 0 0 0 0 0 
q1983 0 0 0 0 0 0 0 0 
q1984 0.00651161 0.00778481 0.00244576 0.00786358 0.00130257 0.00210735 0.00658123 0.00707856 
q1985 0 0 0 0 0 0 0 0 
q1986 0 0 0 0 0 0 0 0 
q1987 0 0 0 0 0 0 0 0 
q1988 0 0 0 0 0 0 0 0 
q1989 0 0 0 0 0 0 0 0 
q1990 0 0 0 0 0 0 0 0 
q1991 0 0 0 0 0 0 0 0 
q1992 0 0 0 0 0 0 0 0 
q1993 0 0 0 0 0 0 0 0 
q1994 0 0 0 0 0 0 0 0 
q1995 0 0 0 0 0 0 0 0 
q1996 0 0 0 0 0 0 0 0 
q1997 0.0054583 0.00836216 0.0072896 0.00820171 0.0084738 0.000309206 0.00340714 0.00153253 
q1998 0 0 0 0 0 0 0 0 
q1999 0 0 0 0 0 0 0 0 
q2000 0 0 0 0 0 0 0 0 
q2001 0 0 0 0 0 0 0 0 
q2002 0 0 0 0 0 0 0 0 
q2003 0 0 0 0 0 0 0 0 
q2004 0 0 0 0 0 0 0 0 
q2005 0 0 0 0 0 0 0 0 
q2006 0 0 0 0 0 0 0 0 
q2007 0 0 0 0 0 0 0 0 
q2008 0.00270275 0.00485319 0.00420735 0.000426748 0.00543964 0.00204118 0.00323928 0.00128617 
q2009 0.00121218 0.00159628 0.00193417 0.00196039 0.00156759 0.00113114 0.00167095 0.00157507 
q2010 0 0 0 0 0 0 0 0 
q2011 0.00247437 0.0028547 0.0029994 0.00353124 0.00292128 0.00167366 0.0023434 0.00257184 
q2012 0 0 0 0 0 0 0 0 
q2013 0 0 0 0 0 0 0 0 
q2014 0 0 0 0 0 0 0 0 
q2015 0 0 0 0 0 0 0 0 
q2016 0 0 0 0 0 0 0 0 
q2017 0 0 0 0 0 0 0 0 
q2018 0 0 0 0 0 0 0 0 
q2019 0 0 0 0 0 0 0 0 
q2020 0 0 0 0 0 0 0 0 
q2021 0 0 0 0 0 0 0 0 
q2022 0.000283615 0.00825308 0.000546636 0.00298826 0.00458093 0.00716981 0.00379914 0.00812767 
q2023 1.64278e-05 0.00222238 0.00806533 0.00728834 0.000199298 0.000378802 0.000468028 0.00727823 
q2024 0 0 0 0 0 0 0 0 
q2025 0 0 0 0 0 0 0 0 
q2026 0 0 0 0 0 0 0 0 
q2027 0 0 0 0 0 0 0 0 
q2028 0 0 0 0 0 0 0 0 
q2029 0 0 0 0 0 0 0 0 
q2030 0 0 0 0 0 0 0 0 
q2031 0 0 0 0 0 0 0 0 
q2032 0 0 0 0 0 0 0 0 
q2033 0 0 0 0 0 0 0 0 
q2034 0 0 0 0 0 0 0 0 
q2035 0.00321163 0.00485608 0.00790786 0.00118643 0.00536725 0.00273688 0.00432841 0.00418391 
q2036 0 0 0 0 0 0 0 0 
q2037 0 0 0 0 0 0 0 0 
q2038 0 0 0 0 0 0 0 0 
q2039 0 0 0 0 0 0 0 0 
q2040 0 0 0 0 0 0 0 0 
q2041 0 0 0 0 0 0 0 0 
q2042 0.00431772 0.00221402 0.00320056 0.00246366 0.00394957 0.00554696 0.00648069 0.0017715 
q2043 0 0 0 0 0 0 0 0 
q2044 0 0 0 0 0 0 0 0 
q2045 0 0 0 0 0 0 0 0 
q2046 0 0 0 0 0 0 0 0 
q2047 0 0 0 0 0 0 0 0 
q2048 0 0 0 0 0 0 0 0 
q2049 0 0 0 0 0 0 0 0 
q2050 0 0 0 0 0 0 0 0 
q2051 0 0 0 0 0 0 0 0 
q2052 0 0 0 0 0 0 0 0 
q2053 0 0 0 0 0 0 0 0 
q2054 0 0 0 0 0 0 0 0 
q2055 0 0 0 0 0 0 0 0 
q2056 0 0 0 0 0 0 0 0 
q2057 0 0 0 0 0 0 0 0 
q2058 0 0 0 0 0 0 0 0 
q2059 0 0 0 0 0 0 0 0 
q2060 0 0 0 0 0 0 0 0 
q2061 0 0 0 0 0 0 0 0 
q2062 0 0 0 0 0 0 0 0 
q2063 0 0 0 0 0 0 0 0 
q2064 0 0 0 0 0 0 0 0 
q2065 0 0 0 0 0 0 0 0 
q2066 0 0 0 0 0 0 0 0 
q2067 0 0 0 0 0 0 0 0 
q2068 0 0 0 0 0 0 0 0 
q2069 0 0 0 0 0 0 0 0 
q2070 0 0 0 0 0 0 0 0 
q2071 0 0 0 0 0 0 0 0 
q2072 0 0 0 0 0 0 0 0 
q2073 0 0 0 0 0 0 0 0 
q2074 0.000180305 0.000213881 0.000247403 0.000262049 0.000186437 0.000141062 0.000200463 0.000209021 
q2075 0 0 0 0 0 0 0 0 
q2076 0 0 0 0 0 0 0 0 
q2077 0 0 0 0 0 0 0 0 
q2078 0 0 0 0 0 0 0 0 
q2079 0 0 0 0 0 0 0 0 
q2080 0 0 0 0 0 0 0 0 
q2081 0 0 0 0 0 0 0 0 
q2082 0 0 0 0 0 0 0 0 
q2083 0 0 0 0 0 0 0 0 
q2084 0.0011109 0.00126678 0.00144905 0.00152816 0.00123692 0.000928163 0.00132222 0.00123834 
q2085 0 0 0 0 0 0 0 0 
q2086 0 0 0 0 0 0 0 0 
q2087 0.000151809 0.000218391 0.000259271 0.000234478 0.000208427 8.97448e-05 0.000183315 0.000185393 
q2088 0 0 0 0 0 0 0 0 
q2089 0 0 0 0 0 0 0 0 
q2090 0 0 0 0 0 0 0 0 
q2091 0 0 0 0 0 0 0 0 
q2092 0 0 0 0 0 0 0 0 
q2093 0 0 0 0 0 0 0 0 
q2094 4.63079e-05 9.05449e-05 0.000353503 0.000156278 4.00147e-05 0.000230077 0.000227235 0.000256057 
q2095 0 0 0 0 0 0 0 0 
q2096 0 0 0 0 0 0 0 0 
q2097 0 0 0 0 0 0 0 0 
q2098 0 0 0 0 0 0 0 0 
q2099 0 0 0 0 0 0 0 0 
q2100 0 0 0 0 0 0 0 0 
q2101 0 0 0 0 0 0 0 0 
q2102 0.000196121 0.00021425 0.00029806 0.000278028 0.000224999 0.000150502 0.00023234 0.000247484 
q2103 0 0 0 0 0 0 0 0 
q2104 0.00115096 0.00163014 0.00159976 0.00143604 0.00101627 0.000900333 0.00129544 0.00135014 
q2105 0 0 0 0 0 0 0 0 
q2106 0 0 0 0 0 0 0 0 
q2107 0 0 0 0 0 0 0 0 
q2108 0 0 0 0 0 0 0 0 
q2109 0 0 0 0 0 0 0 0 
q2110 0 0 0 0 0 0 0 0 
q2111 0 0 0 0 0 0 0 0 
q2112 0 0 0 0 0 0 0 0 
q2113 0 0 0 0 0 0 0 0 
q2114 0 0 0 0 0 0 0 0 
q2115 0 0 0 0 0 0 0 0 
q2116 0 0 0 0 0 0 0 0 
q2117 0 0 0 0 0 0 0 0 
q2118 0 0 0 0 0 0 0 0 
q2119 0 0 0 0 0 0 0 0 
q2120 0 0 0 0 0 0 0 0 
q2121 0 0 0 0 0 0 0 0 
q2122 0 0 0 0 0 0 0 0 
q2123 0 0 0 0 0 0 0 0 
q2124 0 0 0 0 0 0 0 0 
q2125 0 0 0 0 0 0 0 0 
q2126 0 0 0 0 0 0 0 0 
q2127 0 0 0 0 0 0 0 0 
q2128 0 0 0 0 0 0 0 0 
q2129 0 0 0 0 0 0 0 0 
q2130 0 0 0 0 0 0 0 0 
q2131 0 0 0 0 0 0 0 0 
q2132 0 0 0 0 0 0 0 0 
q2133 0 0 0 0 0 0 0 0 
q2134 0 0 0 0 0 0 0 0 
q2135 0 0 0 0 0 0 0 0 
q2136 0 0 0 0 0 0 0 0 
q2137 0 0 0 0 0 0 0 0 
q2138 0 0 0 0 0 0 0 0 
q2139 0 0 0 0 0 0 0 0 
q2140 0 0 0 0 0 0 0 0 
q2141 0.00571587 0.00273881 0.00613953 0.00161536 0.00464441 0.00421285 0.00198959 0.00160744 
q2142 0 0 0 0 0 0 0 0 
q2143 0.000530806 0.000492407 0.000471719 0.000391011 0.000634667 0.000417968 0.000407588 0.000496379 
q2144 0.00704957 0.0072847 0.000957565 0.0036882 0.00812961 0.00642143 0.00664432 0.00184255 
q2145 0 0 0 0 0 0 0 0 
q2146 0 0 0 0 0 0 0 0 
q2147 0.00504536 0.00452581 0.00657889 0.00533819 0.00865762 0.0069611 0.00488597 0.00134302 
q2148 0 0 0 0 0 0 0 0 
q2149 0 0 0 0 0 0 0 0 
q2150 0 0 0 0 0 0 0 0 
q2151 0 0 0 0 0 0 0 0 
q2152 0.0135385 0.00452137 0.0125314 0.0156431 0.00500106 0.0107188 0.0124166 0.013824 
q2153 0 0 0 0 0 0 0 0 
q2154 0 0 0 0 0 0 0 0 
q2155 0 0 0 0 0 0 0 0 
q2156 0 0 0 0 0 0 0 0 
q2157 0 0 0 0 0 0 0 0 
q2158 0 0 0 0 0 0 0 0 
q2159 0 0 0 0 0 0 0 0 
q2160 0 0 0 0 0 0 0 0 
q2161 0 0 0 0 0 0 0 0 
q2162 0 0 0 0 0 0 0 0 
q2163 0.00981617 0.00985664 0.00832227 0.0116902 0.0119564 0.00445726 0.00650566 0.0100977 
q2164 0 0 0 0 0 0 0 0 
q2165 0 0 0 0 0 0 0 0 
q2166 0 0 0 0 0 0 0 0 
q2167 0.00501132 0.00618719 0.00298681 0.00285774 0.00308538 0.00260598 0.00536067 0.00121988 
q2168 0 0 0 0 0 0 0 0 
q2169 0 0 0 0 0 0 0 0 
q2170 0 0 0 0 0 0 0 0 
q2171 0.000101676 0.000144664 0.000161576 0.000146201 0.000125069 6.73872e-05 0.000116525 0.000123677 
q2172 0 0 0 0 0 0 0 0 
q2173 0 0 0 0 0 0 0 0 
q2174 0 0 0 0 0 0 0 0 
q2175 0.00484573 0.000224832 0.003757 0.0041836 0.00565438 0.00220985 0.00293137 0.00376128 
q2176 0 0 0 0 0 0 0 0 
q2177 0 0 0 0 0 0 0 0 
q2178 0 0 0 0 0 0 0 0 
q2179 0.00164855 0.00158503 0.00400844 0.00464798 0.00439161 0.00264773 0.00160906 0.00167114 
q2180 0 0 0 0 0 0 0 0 
q2181 0 0 0 0 0 0 0 0 
q2182 0 0 0 0 0 0 0 0 
q2183 0 0 0 0 0 0 0 0 
q2184 0 0 0 0 0 0 0 0 
q2185 0.0059045 0.00413188 0.000152064 0.000619875 0.0048896 0.00439999 0.00369857 0.00748114 
q2186 0 0 0 0 0 0 0 0 
q2187 0 0 0 0 0 0 0 0 
q2188 0 0 0 0 0 0 0 0 
q2189 0 0 0 0 0 0 0 0 
q2190 0 0 0 0 0 0 0 0 
q2191 0.00183875 0.00527897 0.00178033 0.00740195 0.00051408 0.00626356 0.00232349 0.00519195 
q2192 0 0 0 0 0 0 0 0 
q2193 0 0 0 0 0 0 0 0 
q2194 0 0 0 0 0 0 0 0 
q2195 0.00914946 0.00796366 0.00757157 0.00668254 0.00814618 0.00609288 0.00742992 0.00394628 
q2196 0.00316312 0.00509347 0.00528318 0.00573947 0.00433342 0.00229031 0.00664145 0.00297924 
q2197 0 0 0 0 0 0 0 0 
q2198 0 0 0 0 0 0 0 0 
q2199 0 0 0 0 0 0 0 0 
q2200 0 0 0 0 0 0 0 0 
q2201 0 0 0 0 0 0 0 0 
q2202 0 0 0 0 0 0 0 0 
q2203 0 0 0 0 0 0 0 0 
q2204 0 0 0 0 0 0 0 0 
q2205 0 0 0 0 0 0 0 0 
q2206 0 0 0 0 0 0 0 0 
q2207 0 0 0 0 0 0 0 0 
q2208 0 0 0 0 0 0 0 0 
q2209 0 0 0 0 0 0 0 0 
q2210 0 0 0 0 0 0 0 0 
q2211 0 0 0 0 0 0 0 0 
q2212 0 0 0 0 0 0 0 0 
q2213 0 0 0 0 0 0 0 0 
q2214 0 0 0 0 0 0 0 0 
q2215 0 0 0 0 0 0 0 0 
q2216 0 0 0 0 0 0 0 0 
q2217 0 0 0 0 0 0 0 0 
q2218 0 0 0 0 0 0 0 0 
q2219 0 0 0 0 0 0 0 0 
q2220 0 0 0 0 0 0 0 0 
q2221 0 0 0 0 0 0 0 0 
q2222 0 0 0 0 0 0 0 0 
q2223 2.45229e-05 3.03645e-05 3.84688e-05 3.75364e-05 3.06223e-05 1.82511e-05 2.91504e-05 2.86809e-05 
q2224 0 0 0 0 0 0 0 0 
q2225 0 0 0 0 0 0 0 0 
q2226 0 0 0 0 0 0 0 0 
q2227 0 0 0 0 0 0 0 0 
q2228 0 0 0 0 0 0 0 0 
q2229 0 0 0 0 0 0 0 0 
q2230 0.00642132 0.00120209 0.00269602 0.00786381 0.0044769 0.00316224 0.0011075 0.00761564 
q2231 0 0 0 0 0 0 0 0 
q2232 0 0 0 0 0 0 0 0 
q2233 0 0 0 0 0 0 0 0 
q2234 0.000639218 0.000383042 0.00073047 0.000716953 0.00076299 0.000476066 0.000368548 0.000534117 
q2235 0.00853836 0.0021021 0.0036981 0.00537518 0.00709615 0.00834693 0.00617687 0.0074515 
q2236 0 0 0 0 0 0 0 0 
q2237 0 0 0 0 0 0 0 0 
q2238 0 0 0 0 0 0 0 0 
q2239 0 0 0 0 0 0 0 0 
q2240 0 0 0 0 0 0 0 0 
q2241 0 0 0 0 0 0 0 0 
q2242 0 0 0 0 0 0 0 0 
q2243 0 0 0 0 0 0 0 0 
q2244 0 0 0 0 0 0 0 0 
q2245 0.00182468 0.00315798 0.00160036 -0.00057481 0.00381364 0.00494474 0.00239289 0.00125306 
q2246 0 0 0 0 0 0 0 0 
q2247 0 0 0 0 0 0 0 0 
q2248 0 0 0 0 0 0 0 0 
q2249 0 0 0 0 0 0 0 0 
q2250 0.00769559 0.00351522 0.0107449 0.0106537 0.00706511 0.00607732 0.00707821 0.00406891 
q2251 0 0 0 0 0 0 0 0 
q2252 0 0 0 0 0 0 0 0 
q2253 0 0 0 0 0 0 0 0 
q2254 0 0 0 0 0 0 0 0 
q2255 0 0 0 0 0 0 0 0 
q2256 0 0 0 0 0 0 0 0 
q2257 0 0 0 0 0 0 0 0 
q2258 0 0 0 0 0 0 0 0 
q2259 0 0 0 0 0 0 0 0 
q2260 0 0 0 0 0 0 0 0 
q2261 0 0 0 0 0 0 0 0 
q2262 0 0 0 0 0 0 0 0 
q2263 0 0 0 0 0 0 0 0 
q2264 0 0 0 0 0 0 0 0 
q2265 0 0 0 0 0 0 0 0 
q2266 0 0 0 0 0 0 0 0 
q2267 0 0 0 0 0 0 0 0 
q2268 5.38348e-05 5.76301e-05 4.10483e-05 3.79543e-05 9.54701e-06 5.03458e-05 8.06716e-05 5.26191e-05 
q2269 0 0 0 0 0 0 0 0 
q2270 0 0 0 0 0 0 0 0 
q2271 0 0 0 0 0 0 0 0 
q2272 0 0 0 0 0 0 0 0 
q2273 0 0 0 0 0 0 0 0 
q2274 0 0 0 0 0 0 0 0 
q2275 0 0 0 0 0 0 0 0 
q2276 0 0 0 0 0 0 0 0 
q2277 0 0 0 0 0 0 0 0 
q2278 0 0 0 0 0 0 0 0 
q2279 0.00045542 0.000640632 0.000768589 0.000701081 0.00062048 0.000311679 0.000560135 0.000570738 
q2280 0.00561493 0.000229932 0.00230082 0.0014548 0.00616989 0.00208089 0.00544406 0.00309552 
q2281 1.71694e-05 2.21166e-05 2.62507e-05 2.47892e-05 2.17442e-05 1.2583e-05 2.05875e-05 2.12316e-05 
q2282 0 0 0 0 0 0 0 0 
q2283 0 0 0 0 0 0 0 0 
q2284 0 0 0 0 0 0 0 0 
q2285 0 0 0 0 0 0 0 0 
q2286 0 0 0 0 0 0 0 0 
q2287 0 0 0 0 0 0 0 0 
q2288 0 0 0 0 0 0 0 0 
q2289 0 0 0 0 0 0 0 0 
q2290 0 0 0 0 0 0 0 0 
q2291 0.00773116 0.00758046 0.00733904 0.00397893 0.000852126 0.00439317 0.00591398 0.006108 
q2292 0 0 0 0 0 0 0 0 
q2293 0.00647146 0.00523535 0.00490408 0.00300971 0.00765429 0.00161208 0.000956993 0.00662903 
q2294 0 0 0 0 0 0 0 0 
q2295 0 0 0 0 0 0 0 0 
q2296 0 0 0 0 0 0 0 0 
q2297 0.000174016 0.000209474 0.00023289 0.00024891 0.000207117 0.000152006 0.000201266 0.000231746 
q2298 0 0 0 0 0 0 0 0 
q2299 0 0 0 0 0 0 0 0 
q2300 0 0 0 0 0 0 0 0 
q2301 0 0 0 0 0 0 0 0 
q2302 0 0 0 0 0 0 0 0 
q2303 0.00169304 0.0045933 0.00327845 0.0028788 0.000672051 0.0017655 0.00255472 0.00551532 
q2304 0.000463772 0.00155634 0.00791665 0.00622244 0.00706213 0.000281569 0.00422309 0.00306201 
q2305 0 0 0 0 0 0 0 0 
q2306 0 0 0 0 0 0 0 0 
q2307 0.000233551 0.000436049 0.00046183 0.000451934 0.000187097 2.8425e-05 0.000683318 0.000153367 
q2308 0 0 0 0 0 0 0 0 
q2309 0 0 0 0 0 0 0 0 
q2310 0 0 0 0 0 0 0 0 
q2311 0 0 0 0 0 0 0 0 
q2312 0 0 0 0 0 0 0 0 
q2313 0 0 0 0 0 0 0 0 
q2314 0 0 0 0 0 0 0 0 
q2315 0 0 0 0 0 0 0 0 
q2316 0 0 0 0 0 0 0 0 
q2317 0 0 0 0 0 0 0 0 
q2318 0 0 0 0 0 0 0 0 
q2319 0 0 0 0 0 0 0 0 
q2320 0 0 0 0 0 0 0 0 
q2321 0 0 0 0 0 0 0 0 
q2322 0 0 0 0 0 0 0 0 
q2323 0.00868419 0.00564969 0.000661323 0.00816417 0.00123146 0.00678224 0.00773283 0.00450818 
q2324 0 0 0 0 0 0 0 0 
q2325 0.00359137 0.00909793 0.000948028 0.00829904 0.00290001 0.00853688 0.00334069 0.00919561 
q2326 0 0 0 0 0 0 0 0 
q2327 0 0 0 0 0 0 0 0 
q2328 0 0 0 0 0 0 0 0 
q2329 0 0 0 0 0 0 0 0 
q2330 0 0 0 0 0 0 0 0 
q2331 0 0 0 0 0 0 0 0 
q2332 0 0 0 0 0 0 0 0 
q2333 0 0 0 0 0 0 0 0 
q2334 8.07398e-05 7.50043e-05 0.000113899 0.000110008 7.32582e-05 5.05578e-05 9.08616e-05 8.18461e-05 
q2335 0 0 0 0 0 0 0 0 
q2336 0 0 0 0 0 0 0 0 
q2337 0 0 0 0 0 0 0 0 
q2338 0 0 0 0 0 0 0 0 
q2339 0 0 0 0 0 0 0 0 
q2340 0 0 0 0 0 0 0 0 
q2341 0 0 0 0 0 0 0 0 
q2342 0 0 0 0 0 0 0 0 
q2343 0 0 0 0 0 0 0 0 
q2344 0 0 0 0 0 0 0 0 
q2345 0 0 0 0 0 0 0 0 
q2346 0 0 0 0 0 0 0 0 
q2347 0 0 0 0 0 0 0 0 
q2348 0 0 0 0 0 0 0 0 
q2349 0 0 0 0 0 0 0 0 
q2350 0 0 0 0 0 0 0 0 
q2351 0 0 0 0 0 0 0 0 
q2352 0 0 0 0 0 0 0 0 
q2353 0 0 0 0 0 0 0 0 
q2354 0 0 0 0 0 0 0 0 
q2355 0 0 0 0 0 0 0 0 
q2356 0 0 0 0 0 0 0 0 
q2357 0 0 0 0 0 0 0 0 
q2358 0 0 0 0 0 0 0 0 
q2359 0 0 0 0 0 0 0 0 
q2360 0 0 0 0 0 0 0 0 
q2361 0 0 0 0 0 0 0 0 
q2362 0 0 0 0 0 0 0 0 
q2363 0 0 0 0 0 0 0 0 
q2364 0 0 0 0 0 0 0 0 
q2365 0 0 0 0 0 0 0 0 
q2366 0 0 0 0 0 0 0 0 
q2367 0 0 0 0 0 0 0 0 
q2368 0 0 0 0 0 0 0 0 
q2369 0 0 0 0 0 0 0 0 
q2370 0 0 0 0 0 0 0 0 
q2371 0 0 0 0 0 0 0 0 
q2372 0.00563532 0.00491473 0.00458293 0.00630803 0.00458366 0.00642147 0.00866404 0.00628563 
q2373 0 0 0 0 0 0 0 0 
q2374 0 0 0 0 0 0 0 0 
q2375 0 0 0 0 0 0 0 0 
q2376 0 0 0 0 0 0 0 0 
q2377 0 0 0 0 0 0 0 0 
q2378 0 0 0 0 0 0 0 0 
q2379 0 0 0 0 0 0 0 0 
q2380 0 0 0 0 0 0 0 0 
q2381 0 0 0 0 0 0 0 0 
q2382 1.91263e-06 4.43885e-06 5.21811e-06 1.94653e-06 2.01441e-06 3.71635e-06 2.03677e-06 3.23004e-06 
q2383 0 0 0 0 0 0 0 0 
q2384 0 0 0 0 0 0 0 0 
q2385 0 0 0 0 0 0 0 0 
q2386 0 0 0 0 0 0 0 0 
q2387 0 0 0 0 0 0 0 0 
q2388 0 0 0 0 0 0 0 0 
q2389 0 0 0 0 0 0 0 0 
q2390 0 0 0 0 0 0 0 0 
q2391 0 0 0 0 0 0 0 0 
q2392 0 0 0 0 0 0 0 0 
q2393 0.000878463 0.0013093 0.00106028 0.00129007 0.00152436 0.00135529 0.00156798 0.000991543 
q2394 0 0 0 0 0 0 0 0 
q2395 0 0 0 0 0 0 0 0 
q2396 0 0 0 0 0 0 0 0 
q2397 0 0 0 0 0 0 0 0 
q2398 0 0 0 0 0 0 0 0 
q2399 0 0 0 0 0 0 0 0 
q2400 0 0 0 0 0 0 0 0 
q2401 0 0 0 0 0 0 0 0 
q2402 0 0 0 0 0 0 0 0 
q2403 0 0 0 0 0 0 0 0 
q2404 0 0 0 0 0 0 0 0 
q2405 0 0 0 0 0 0 0 0 
q2406 0.00835887 0.00836394 0.00865419 0.00518864 0.00159725 0.00457638 0.00769503 0.00884903 
q2407 0 0 0 0 0 0 0 0 
q2408 1.6399e-05 9.57943e-05 0.000321537 0.000564052 7.89153e-05 0.000187507 0.000173951 0.00020176 
q2409 0.00406318 0.00313197 0.00323636 0.00175947 0.00274466 0.00797445 0.00794744 0.00114029 
q2410 0 0 0 0 0 0 0 0 
q2411 0 0 0 0 0 0 0 0 
q2412 0 0 0 0 0 0 0 0 
q2413 0.000273048 0.000298533 0.000388765 0.00033645 0.00029613 0.000173685 0.000255335 0.00034115 
q2414 0.00242492 0.000929788 0.00434156 0.00124962 0.0083529 0.00700741 0.00771812 0.00585355 
q2415 0 0 0 0 0 0 0 0 
q2416 0 0 0 0 0 0 0 0 
q2417 0 0 0 0 0 0 0 0 
q2418 0 0 0 0 0 0 0 0 
q2419 0 0 0 0 0 0 0 0 
q2420 0 0 0 0 0 0 0 0 
q2421 0 0 0 0 0 0 0 0 
q2422 0 0 0 0 0 0 0 0 
q2423 0 0 0 0 0 0 0 0 
q2424 0 0 0 0 0 0 0 0 
q2425 0 0 0 0 0 0 0 0 
q2426 0 0 0 0 0 0 0 0 
q2427 0 0 0 0 0 0 0 0 
q2428 0 0 0 0 0 0 0 0 
q2429 0.00578893 0.00148421 0.000969405 0.00429223 0.00438371 0.00537783 0.00465081 0.00201636 
q2430 0 0 0 0 0 0 0 0 
q2431 0.0049002 0.00805907 0.00802672 0.00761502 0.00308776 0.00276335 0.00464237 0.00150259 
q2432 0.00100333 0.00103116 0.000605995 0.00125786 0.000541151 0.000522931 0.000575198 0.00097696 
q2433 0.00738928 0.00734121 0.00217187 0.0051463 0.000158449 0.00447467 0.00813869 0.00308474 
q2434 0.00686117 0.00445427 0.00652855 0.00220168 0.00327055 0.000648269 0.00380801 0.00704687 
q2435 0.00221717 0.0016024 0.00362937 0.005824 0.00156761 0.00386999 0.00136102 0.00129786 
q2436 0.00606145 0.00044524 0.000619971 0.00368098 0.00416305 0.000289694 0.00374349 0.00323788 
q2437 0.00279798 0.00184316 0.00683225 0.00612113 0.00288367 0.002879 0.00135491 0.00151268 
q2438 0.00211627 0.00246748 0.00485303 0.00617791 0.00314323 0.00325022 0.00317821 0.000405446 
q2439 0.00846119 0.00239134 0.00638697 0.000859971 0.00719511 0.00678841 0.000106625 0.00692027 
q2440 0.000273789 0.000269359 0.00114854 0.00569964 0.000469369 0.00383355 0.00681617 0.001551 
q2441 0.0072182 0.00640213 0.00404773 0.0036652 0.00523388 0.00532712 0.00589433 0.00872082 
q2442 0.00589918 0.00454947 0.00205222 0.00315435 0.00114556 0.00756726 0.0045895 0.00331552 
q2443 0.00876937 0.00678869 0.00186167 0.00760837 0.00154031 0.00891748 0.00595254 0.00310279 
q2444 0.00282437 0.000556397 0.00188644 0.00258029 0.00173787 0.00261476 0.0061121 0.00122319 
q2445 0.00158608 0.00583142 0.000566563 0.00357321 0.00748268 0.0018322 0.00154175 0.00531384 
q2446 0.00693326 0.00549042 0.00605936 0.00534409 0.00286037 0.00440339 0.00549021 0.00266132 
q2447 0.00476011 0.00463245 0.00395696 0.00247332 0.00788993 0.00315239 0.00476364 0.00242221 
q2448 0.0038407 0.000524892 0.00541332 0.00524281 0.00768234 0.00784905 0.00707618 0.00722389 
q2449 0.0089028 0.00733101 0.00372955 0.000282258 0.000970494 0.00879552 0.00782766 0.00605631 
q2450 0.00304301 4.37693e-05 0.00407766 0.00361544 0.000465759 0.00379344 0.00271755 0.00150485 
q2451 0.00224978 0.000244663 0.00171809 0.000753181 0.0026878 0.00387159 0.00418833 0.00428843 
q2452 0.000753899 0.000138012 0.000527579 0.000433362 0.000608275 0.000333143 0.000208195 0.000353976 
q2453 0.0042617 0.000691379 0.00690743 0.00625526 0.00379568 0.00788843 0.00421541 0.00312446 
q2454 0.00685669 0.00101119 0.00268191 0.00735914 0.00282829 0.00274909 0.000629131 0.00446687 
q2455 1.26101e-05 1.12467e-05 3.82827e-06 1.19568e-05 1.17632e-05 1.78166e-06 1.33672e-05 1.16815e-05 
q2456 0.00392502 0.00380941 0.00354549 0.00393248 0.00583308 0.00734632 0.00235852 0.0011465 
q2457 0.000497619 0.00414641 0.00427416 0.00763389 0.000692808 0.00492224 0.00750573 0.000349843 
q2458 0.00522165 0.00418589 0.00289255 0.00624295 0.00560404 0.000750642 0.00627128 0.00165003 
q2459 0.00474134 0.00411262 0.00703951 0.00628716 0.0101045 0.00636007 0.00982396 0.0103389 
q2460 0.00505171 0.00481677 0.00386686 0.000805417 0.000223432 0.00274925 0.00628872 0.00734988 
q2461 0.0022269 4.41642e-05 0.00483229 0.00721658 0.00519194 0.000764634 0.00668795 0.00752216 
q2462 0.00126146 0.00346844 0.000692005 0.00562755 0.00455642 0.00675795 0.00731205 0.00642458 
q2463 2.07191e-05 0.00656542 0.00178366 0.000707702 0.00187774 0.00653069 0.00340137 0.00392887 
q2464 0.00158735 0.00313922 0.00552958 0.00266399 0.00186088 0.00760923 0.00756689 0.00569193 
q2465 0.00632241 0.00434963 0.00573711 0.00233532 0.00102004 0.00408753 0.00238626 0.00453613 
q2466 0.00189726 0.00340363 0.00637573 0.00553693 0.00384065 0.00201351 0.00176639 0.00356256 
q2467 0.00560223 0.00860498 0.00533474 0.00117179 0.00558683 0.00113653 0.00823821 0.00793167 
q2468 0.00368258 0.00279357 0.00694568 0.00269397 0.00562171 0.00301571 0.00465332 0.00425144 
q2469 0.00136539 0.00247589 0.00431158 0.00237272 2.33647e-06 0.000679493 0.00193662 0.000731486 
q2470 0.00236945 0.00406088 0.00521538 0.00763029 0.00467186 0.00644833 0.00411052 0.000565993 
q2471 0.000414182 0.00198797 0.000869827 0.00731161 0.000434011 0.00806707 0.00699183 0.00738549 
q2472 0.0031143 0.00485262 0.00698838 0.00337718 0.00373938 0.00833551 0.00185124 0.00427285 
q2473 0.000676697 0.00124215 0.00126525 0.00141633 0.00140038 0.000508884 0.00134916 0.00110219 
q2474 0.00496747 0.00687601 0.00382004 0.00216365 0.0010746 0.00270762 0.00142809 0.00534452 
q2475 0.00114987 0.00691681 0.00601016 0.00112463 0.000290318 0.00250616 0.000786062 0.000688126 
q2476 0.00671546 0.000393076 1.5618e-05 0.00314288 0.00437342 0.00478469 0.0064551 0.00336492 
q2477 0.00649112 0.00782723 0.00689729 0.00473517 0.00464993 0.00412 0.000349275 0.00451189 
q2478 0.00382039 0.00489392 0.00728682 0.000100207 0.00468086 0.00577438 0.00397196 0.000387844 
q2479 0.00372013 0.00287134 0.00626674 0.00506494 0.00765945 0.00666038 0.00735205 0.00614853 
q2480 0.00251092 0.0043793 0.00709728 0.00717081 0.0062428 0.00282896 0.00689496 0.00542994 
q2481 0.00701542 0.00264154 0.00110346 0.0059474 0.00537106 0.00326441 0.00459647 0.0045386 
q2482 0.00703497 0.000370811 0.00364428 0.00136331 0.00361634 0.00266932 0.00438779 0.00254192 
q2483 0.00594487 0.00134324 0.00715823 0.00252646 0.00551859 0.00122404 0.00234362 0.00738518 
q2484 0.00167591 0.00575741 0.00355291 1.02902e-05 0.00191483 0.00481167 0.00306941 0.00134089 
q2485 0.00655695 0.00151339 0.0010045 0.00661906 0.00833737 0.000645495 0.00356865 0.00706756 
q2486 0.00317379 0.00577404 0.00158482 0.00323155 0.000245533 0.00696243 0.000777145 0.00199305 
q2487 0.00151259 0.00167608 0.000288378 0.00621133 0.00561303 0.0016594 0.00315729 0.00207024 
q2488 0.00385461 0.000586211 0.00597334 0.00502334 0.00438744 0.00148353 0.00144963 0.00118569 
q2489 0 0 0 0 0 0 0 0 
q2490 0.00493171 0.00726103 0.0025699 0.00268818 0.00854509 0.00860488 0.00510878 0.00291907 
q2491 0.00516288 0.00137076 0.00589874 0.00134162 0.000449526 0.00522236 0.00105435 0.00748573 
q2492 0.00485681 0.00260013 0.00510397 0.000461195 0.0010988 0.00330991 0.00332999 0.00396762 
q2493 0.00458295 0.00591079 0.00543521 0.00426776 0.000274819 0.000955589 0.0078096 0.00147273 
q2494 0.00252086 0.00543481 0.00774691 0.00866982 0.00880394 0.00820159 0.000988759 0.00858233 
q2495 0.00211386 0.00154149 0.00456027 0.00111426 0.00135743 0.0047955 0.000756596 0.000563341 
q2496 0.00524126 0.00253502 0.0023566 0.000930545 0.00162353 0.000639088 0.000156459 0.000810699 
q2497 0.00522322 0.00574202 0.000185948 0.00705124 0.00324733 0.00466309 0.0083468 0.00642351 
q2498 0.00437396 0.00411707 0.0035392 0.00565087 0.00249211 0.00129249 0.0038477 0.00285311 
q2499 0.000643153 0.00355621 0.00654094 0.00604753 0.00632829 0.00720107 0.00515584 0.00531579 
q2500 0.00395747 0.007482 0.00577548 0.00327922 0.00138281 0.00741313 0.00172442 0.00450385 
q2501 0.00288501 0.00656601 0.00467054 0.00145943 0.00455768 0.00642715 0.000422709 0.00367388 
q2502 0.00310899 0.00488122 0.00349184 0.00120755 0.00545062 0.00809794 0.00567913 0.00327517 
q2503 0.00342949 0.00657782 -0.000104178 0.00680851 0.00675267 -0.000141926 0.000608865 0.00255493 
q2504 0.00281082 0.00704663 0.00588082 6.33852e-05 0.00172309 0.00404979 0.00244801 0.00446156 
q2505 0.00391887 -2.05529e-06 0.00568277 0.0044707 0.00634355 0.00243244 0.00164302 0.00398823 
q2506 0.0054847 0.00677361 0.000302195 0.00491456 0.00509487 0.00358262 0.00071351 0.00579782 
q2507 0.000823638 0.000187927 0.000202538 0.000683035 0.000734842 0.000893194 0.00066305 0.000691949 
q2508 0.000889201 0.00104283 0.000881392 0.000860665 0.000907162 0.000480263 0.000689027 0.000750253 
q2509 0.000626546 0.000240113 0.0003278 0.000483181 0.000130637 0.000428111 0.000254738 0.000591075 
q2510 0.00390621 0.00639341 0.00207355 0.00179018 0.00338683 0.007868 0.00819425 0.00241297 
q2511 0.00456472 0.00882984 0.00803156 0.00635794 0.00299257 0.00881973 0.00173574 0.00246638 
q2512 0.00572211 0.00752204 0.00194197 0.000921449 0.00209221 0.00172148 0.00204829 0.0056373 
q2513 0.00199743 0.000976324 0.000319092 0.00466513 0.00420896 0.00476641 0.00388742 0.00254607 
q2514 0.00560893 0.00760446 0.00519858 0.00259108 0.00607951 0.00275947 0.00652133 0.00392911 
q2515 0.00585361 0.000187718 0.00231911 0.00353113 0.00728679 0.00313576 0.00116719 0.00160875 
q2516 0.0023733 0.000919534 0.00376561 0.00295785 0.00310717 0.00351635 0.005767 0.0024363 
q2517 0.00395208 0.00732697 0.00501458 0.0076758 0.00843375 0.00810055 0.00238631 0.00284769 
q2518 0.0075887 0.00747605 0.00171705 0.00599341 0.00429585 0.00223029 0.00450201 0.00821383 
q2519 0.00794638 0.00468196 0.00819331 0.00251915 0.00621184 0.0049176 0.00388283 0.00159209 
q2520 0.00593759 0.000210603 0.00509918 0.00119909 0.0071546 0.0053995 0.00273232 0.00203833 
q2521 0.00044302 0.000271317 0.000698617 0.000623151 0.000294716 0.000618639 0.000561306 0.000451574 
q2522 0.00198742 0.00127632 0.00400692 0.000549296 0.00750141 0.0056339 0.000917445 0.00123574 
q2523 0.00341332 0.00513728 0.00190676 0.00105505 0.00532954 0.00452152 0.00521345 0.00052824 
q2524 0.00549894 0.00578091 0.00760847 0.00611314 0.00361585 0.00767633 0.00610391 0.00141388 
q2525 0.00442641 0.00531297 0.00396429 0.00275982 0.0077453 0.00418201 0.00250649 0.00499409 
q2526 0.000506799 0.00774171 0.00524887 0.00471947 0.00114883 0.00111464 0.00671821 0.00413407 
q2527 0.00365879 0.00216189 0.00330154 0.00367169 0.00771743 0.00775505 0.00389654 0.00140127 
q2528 0.00739024 0.00819657 0.0083322 0.00814251 0.00698923 0.00144963 0.00513538 0.000209328 
q2529 0.00801568 0.00111662 0.0066155 0.0078608 0.00140865 0.00501987 0.00052523 0.00290215 
q2530 0.000681724 0.00292984 0.0046006 0.00624827 0.00301654 0.00503948 0.00621801 0.000454566 
q2531 0.00344498 0.00648363 0.00253513 0.00284836 0.00182915 0.00607522 0.00518971 0.00537289 
q2532 0.000717972 5.98462e-05 0.00651964 0.00340743 0.00356309 0.00329227 0.00259345 0.00505364 
q2533 0 0 0 0 0 0 0 0 
q2534 1.99483e-05 2.43453e-05 3.07926e-05 2.7741e-05 2.40872e-05 1.43423e-05 2.35979e-05 2.50461e-05 
q2535 9.93443e-05 8.59952e-05 0.000115826 9.67601e-05 8.75409e-05 6.64266e-05 7.99945e-05 0.000120544 
q2536 0.000383431 0.000247566 0.000140471 0.000365541 6.22764e-05 0.000108731 5.47858e-05 0.000298356 
q2537 4.90877e-05 0.000312795 0.000265554 0.000126592 0.000493224 0.000422531 2.97684e-05 0.000516787 
q2538 0.000360333 0.00123055 0.00649526 0.00423786 0.00778357 0.00254602 0.0075231 0.00834378 
q2539 0.00400722 0.00211504 0.00320534 0.00676963 0.0010136 0.00135637 0.00655938 0.00577179 
q2540 0.00692174 0.00845865 0.000816902 0.0085551 0.00824993 0.00140634 0.00403985 0.00586815 
q2541 1.20432e-06 1.24417e-06 1.5577e-06 1.4471e-06 9.6477e-07 4.60938e-07 1.03527e-06 1.03869e-06 
q2542 0.00129828 -3.37105e-05 0.00379003 0.00062124 0.00120155 0.0069948 0.00605769 0.00579333 
q2543 0.000130808 0.000177695 0.000196271 0.000186878 0.000170302 9.0391e-05 0.000137334 0.000160463 
q2544 4.68727e-05 6.5019e-05 7.8549e-05 7.27569e-05 6.44603e-05 3.06522e-05 5.88913e-05 5.95171e-05 
q2545 6.96562e-05 8.54107e-05 9.74726e-05 8.78426e-05 9.00412e-05 5.13759e-05 7.62991e-05 7.98151e-05 
q2546 0.00319656 0.00583194 0.000946964 0.00379513 0.00792111 0.00473392 0.00791421 0.00617578 
q2547 0.00397273 0.00801656 0.00444005 0.00608526 0.002362 0.00495076 0.00380064 0.00730502 
q2548 3.50941e-05 0.00130406 0.00446535 0.00321833 0.000616729 0.00511722 0.00278382 0.00621722 
q2549 0.00147182 0.00377052 0.00671679 0.00271075 0.00294051 0.00683218 0.00629817 0.00222718 
q2550 0.00385177 0.00347817 0.00204489 0.00179631 0.00311328 0.00465916 0.00231024 2.23104e-05 
q2551 0.00353218 0.00314729 0.00479095 0.00421685 0.000519316 0.0032233 0.00346722 0.00449138 
q2552 0.00233729 0.00361886 0.00155556 0.0078179 0.00774285 0.0064997 0.00360551 0.00412265 
q2553 0.000199868 0.000270476 0.00032877 0.000311215 0.000263444 0.000151031 0.000253538 0.000250761 
q2554 0.00802908 0.00268047 0.00851215 0.00297128 0.00692223 0.00613684 0.00735408 0.00865263 
q2555 0.00326063 0.00470269 0.000550049 0.00617288 0.00453837 0.00773047 0.00786297 0.00792111 
q2556 0.000648588 0.000677237 0.000513818 0.000323217 0.000612173 0.000207958 0.0003796 0.000547968 
q2557 0.000154559 0.000570033 0.000739903 0.000224379 0.000451618 0.000637471 0.000179261 0.000159422 
q2558 0.00029325 0.000693781 9.0744e-05 0.000363065 6.64911e-05 0.000267809 0.000425861 0.000562398 
q2559 0.00563206 0.00168096 0.00404561 0.0040053 0.00227427 0.000629798 0.00404245 0.00143969 
q2560 0.00461872 0.00160486 0.00162881 0.00302775 0.00362868 0.000752465 0.00541356 0.00319551 
q2561 0.00411384 0.0070553 0.00338004 0.00179228 0.00365986 0.00193375 0.00630387 0.00170376 
q2562 0.00111861 0.00221316 0.00260762 0.00440644 0.0041381 0.000258511 0.00230203 0.000537203 
q2563 0.00344756 0.00786443 0.000180234 0.0043247 0.00316844 0.00724242 0.0066901 0.00513077 
q2564 0.00117898 0.0052133 0.00753139 0.0070545 0.00528609 0.00162683 0.00135869 0.000124616 
q2565 0.000713356 0.000627088 0.000221162 0.000330343 0.000524866 0.000740652 0.000451193 0.000570978 
q2566 0.00279971 0.00139253 0.00532994 0.0019054 0.00381386 0.000250283 0.00208448 0.00349524 
q2567 0.0015682 0.0018185 0.00340932 0.00367721 0.00674221 0.00764818 0.00347352 0.000264065 
q2568 0.000869767 0.00335074 0.0054511 0.00366357 5.07807e-05 0.00371775 0.00441674 0.000120551 
q2569 0.0017326 0.00573805 0.00387003 0.00327621 0.00400881 0.00103659 0.00485458 0.00437438 
q2570 0.000769193 0.00476311 0.00575314 0.00565518 0.00631467 0.00552949 0.00832453 0.00236055 
q2571 0.000250714 0.00501583 0.00394577 0.0066181 0.00212584 0.0045052 0.00400921 0.00621429 
q2572 0.00356883 0.00350014 0.00515433 0.000569857 0.00151449 0.00120455 0.00271656 0.002647 
q2573 0.000822441 0.000175276 0.000867197 0.000468838 0.000248984 0.000643017 0.000527399 0.000748795 
q2574 0.00650213 0.00380872 0.00350847 0.00533281 0.00542247 0.00621838 0.00695191 0.00227767 
q2575 0.00606564 0.00223454 0.00432009 0.000896239 0.00265406 0.00094755 0.00186066 0.000896567 
q2576 0.00163717 0.000463696 0.00444523 0.00278272 0.00743446 0.00134373 0.00625117 0.00202703 
q2577 0.000145772 0.000194548 0.000222894 0.000196336 0.000158387 0.000121882 0.000178199 0.000146154 
q2578 0.00231716 0.00757273 0.00515642 0.00613209 0.00129281 0.00639691 0.00207517 0.00504198 
q2579 0.00826726 0.000932065 0.0027717 0.00810763 0.00298216 0.00142935 0.00832927 0.00111756 
q2580 0.00700299 0.00233312 0.000455858 0.00108774 0.00365083 0.00554546 6.84881e-05 0.00579671 
q2581 0.00640452 0.0100455 0.009736 0.0048148 0.00512228 0.0085128 0.00950827 0.00669453 
q2582 -9.31999e-05 0.00380607 0.00211252 0.00286465 0.00578396 0.00353712 0.00382658 0.00192992 
q2583 0.00431547 0.000168885 0.00467533 0.00714988 0.00432485 0.00560948 0.00613688 0.00581156 
q2584 0.00439249 0.00305149 0.00247669 0.00773051 0.0033411 0.00192551 0.00405816 0.00442312 
q2585 0.00536502 0.000555942 0.00526185 0.00595031 0.00424809 0.0085718 0.00660932 0.0050078 
q2586 0.00637665 0.00476402 0.00738281 0.00116717 0.000182954 0.00578546 0.0040659 0.00320095 
q2587 0.00776518 0.00711112 0.00444462 0.0100593 0.00343052 0.00713611 0.00686237 0.00362658 
q2588 0.00625335 0.00720247 0.0068177 0.00216661 0.00711372 0.00521034 0.00704696 0.00839672 
q2589 0.00380878 0.00562539 0.0009585 0.00129886 0.00613058 0.00622784 0.00324479 0.00599043 
q2590 0.00558437 0.000184363 0.00598407 0.000958834 0.00714776 0.00523339 0.00279368 0.00308056 
q2591 0.00194339 0.00209884 0.00668561 0.00589838 0.00204606 0.00217373 0.000372859 0.00164871 
q2592 0.00567255 0.000990601 0.00295264 0.000557874 0.00105955 0.000515041 0.0013255 0.00589016 
q2593 0.00729698 0.00969656 0.00932611 0.00604115 0.00245199 0.00491641 0.00583164 0.00768839 
q2594 0.00291474 0.00232468 0.00353115 0.00717373 0.00754529 0.00541287 0.000162087 0.00275464 
q2595 0.00422499 0.000972135 0.00247693 0.00168075 0.00377172 0.000811906 0.00176509 0.00790949 
q2596 0.00843188 0.00508761 0.00826523 0.00284608 0.00742523 0.00215249 0.00406286 0.00136438 
q2597 0.00716197 0.00832195 -6.19624e-05 0.00249858 0.00395773 0.00776629 0.00726909 0.00217149 
q2598 0.00286271 0.00443831 0.00127014 0.000189749 0.0052257 0.00577501 0.00541121 0.000562703 
q2599 0.0635465 0.100114 0.0747704 0.0554576 0.0276714 0.053607 0.0658395 0.0763341 
q2600 3.22137e-05 4.03002e-05 5.97527e-05 4.0725e-05 1.93835e-05 3.91639e-06 3.97743e-05 2.40622e-05 
q2601 0.00678364 0.00415064 0.0033089 0.00651733 0.00169683 0.00146918 0.000955731 0.00157055 
q2602 0.00784333 0.0080437 0.00395267 0.00238593 0.003896 0.00364569 0.00733895 0.00167832 
q2603 0.00837089 0.00866896 0.00526957 0.00793448 0.00310703 0.00777847 7.11627e-05 0.00172977 
q2604 0.00803906 0.00768297 0.000726725 0.0015447 0.00745234 0.00424281 0.00836636 0.000884812 
q2605 0.00554471 0.00110616 0.00317885 0.0062816 0.00630409 0.00139032 0.00257755 0.00476606 
q2606 0.00752895 0.00444974 0.00852109 0.000390272 0.0039785 0.000963667 0.00876424 0.00471934 
q2607 0.00229736 0.00538892 0.0020556 0.00199628 0.00479808 0.00255436 0.00462194 0.000141983 
q2608 0.00354142 0.000401034 0.00711217 0.00114409 0.00776216 0.00721496 0.00691071 0.000163447 
q2609 0.00649357 0.00373638 0.00611566 0.00134671 0.00342623 0.00178198 0.000163197 0.00402429 
q2610 0.00356731 0.00124069 0.00108186 0.00220715 0.00759468 0.00466091 0.00664614 0.000484415 
q2611 0.0081422 0.006674 0.00664035 0.00228495 0.00674138 0.000760458 0.00574198 0.00490814 
q2612 0.000448622 0.00771339 0.00423884 1.24535e-05 0.00669186 0.000228855 0.00295061 0.00382694 
q2613 0.00495539 0.00188994 0.00347333 0.00419286 0.00573661 0.00137009 0.00170363 0.00112714 
q2614 0.00632115 0.00640749 0.000803123 0.00520766 0.00836285 0.00527761 0.00529628 0.00893927 
q2615 0.0081188 0.0063355 0.00382355 0.000439509 0.0054867 0.00539483 0.00154494 0.00109666 
q2616 -9.93526e-06 0.00520742 0.00484174 0.00349351 0.00442113 0.000240005 0.00269797 0.00658485 
q2617 0.00892602 0.00223068 0.00320253 0.00252208 0.00280865 0.00305552 0.00805062 0.0058785 
q2618 0.0011871 0.00716171 0.00687797 0.00476451 0.00715007 0.00217933 0.00768277 0.00766979 
q2619 0.00076477 0.00042808 0.000619848 0.000270728 0.000464818 0.000280557 0.000801584 0.000279387 
q2620 0.00799863 0.00661246 0.00429263 0.00411349 0.00553423 0.00591932 0.00338342 0.00404227 
q2621 0.00703279 0.00830776 0.00431363 0.00587795 0.00527438 0.00587279 0.000223696 0.00230901 
q2622 0.00669198 0.00541875 0.00871526 0.00593386 0.00399284 0.00703924 0.00934765 0.00379609 
q2623 0.00220258 0.00602781 0.00667938 0.0086639 0.00727681 0.00522618 0.00468238 0.00109683 
q2624 0.00469793 0.00409783 0.00275532 0.000880189 0.00328326 0.00100579 0.00428521 0.00396841 
q2625 0.0035323 0.00148117 0.00490615 0.00508955 0.000318291 0.0056342 0.00167694 9.35079e-05 
q2626 0.00602034 0.0058096 0.000228285 0.00824318 0.0037045 0.00252075 0.000791019 0.00716851 
q2627 0.000546421 0.000286229 0.00239582 0.00162156 0.00197265 0.00379319 0.00255336 0.00233379 
q2628 0.000704857 0.000657137 0.00690054 0.00362457 0.00232184 0.00759698 0.000714468 0.00386499 
q2629 0.000888671 0.00117449 0.00610322 0.000482865 0.00204537 0.00453855 0.00427672 0.00259152 
q2630 0.00216091 0.00151009 0.00608959 0.00671297 0.0060662 0.000689935 0.00121328 0.00188794 
q2631 7.01211e-05 0.00283411 0.00366609 0.000696821 0.004365 0.00294017 0.000147057 0.00159545 
q2632 0.00364859 0.00303438 0.00182289 0.0026074 0.00276798 0.00314702 0.00335156 0.00273145 
q2633 0.00250324 0.000734847 0.00656718 0.00140699 0.00377768 0.00167768 0.00372475 0.0014751 
q2634 0.00272371 0.000665752 0.00421489 0.00306099 0.000835614 0.00238882 0.00498615 0.00410851 
q2635 0.00500698 0.00331468 0.00395996 0.00503689 0.0059788 0.0037482 0.00209106 0.00247207 
q2636 0.00413851 0.00840709 0.00295053 0.00462217 0.00438574 0.00718901 0.00487381 0.00749742 
q2637 0.00606877 0.0036448 0.00136784 0.00069657 0.00217528 0.00134858 0.00128961 0.000324569 
q2638 0.000804334 0.00392876 0.00184819 0.00428741 0.00250421 0.00508261 0.00051812 0.00633389 
q2639 0.0092191 0.00590837 0.00432017 0.00861348 0.00637937 0.00753372 0.00500149 0.00528871 
q2640 0.00337584 0.00730648 0.0050711 0.000325271 0.00635713 0.00410565 0.00823837 0.00299064 
q2641 0.00463042 0.00720104 0.00311821 0.00278335 0.00126718 0.0072237 0.00823951 0.000916743 
q2642 0.00312198 0.00664846 0.00193369 0.00097492 0.00581907 0.00518255 0.00159622 0.00678836 
q2643 0.00633945 0.00606334 0.00362386 0.00325225 0.00195346 0.00561264 0.00171032 0.00528459 
q2644 0.00713237 0.00676722 0.00269311 0.00468685 0.00495152 0.000690247 0.00661515 0.000895503 
q2645 0.000183592 0.00845527 0.00884345 0.00527928 0.00922287 0.00368047 0.00538251 0.00742862 
q2646 0.00651388 0.00599401 0.000388497 0.00746903 0.000571272 0.00838866 0.00223521 0.00420879 
q2647 0.00120249 0.00382281 0.000826199 0.000514814 0.00366991 0.00181874 0.000992198 0.00393989 
q2648 0.00347467 0.000966728 0.00498011 0.00159728 0.00200652 0.000990564 0.00411236 0.00494547 
q2649 0.00262853 0.00503142 0.00807495 0.00778309 0.00613377 0.00511723 0.00692375 0.008223 
q2650 0.00566241 0.00427055 0.00417157 0.00204204 0.000865403 0.00120334 0.00264504 0.00610626 
