0 107 1.000000
0 140 2.000000
0 429 4.000000
0 464 3.000000
0 542 2.000000
0 597 5.000000
0 673 4.000000
0 752 3.000000
0 763 3.000000
0 774 4.000000
0 790 2.000000
0 804 5.000000
0 951 4.000000
0 975 4.000000
0 977 3.000000
0 1063 1.000000
0 1195 3.000000
0 1290 5.000000
0 1307 2.000000
0 1314 2.000000
0 1827 3.000000
0 1920 5.000000
0 1966 1.000000
0 2009 3.000000
0 2011 5.000000
0 2104 3.000000
0 2185 4.000000
0 2230 1.000000
0 2281 2.000000
0 2372 4.000000
0 2543 2.000000
0 2544 1.000000
0 2545 2.000000
0 2631 2.000000
0 2654 4.000000
0 2656 5.000000
0 2662 3.000000
0 2667 5.000000
0 2673 4.000000
0 2674 2.000000
0 2675 5.000000
0 2677 1.000000
0 2680 4.000000
0 2684 2.000000
1 475 3.000000
1 542 3.000000
1 597 5.000000
1 673 3.000000
1 722 2.000000
1 804 5.000000
1 977 3.000000
1 1195 2.000000
1 1276 1.000000
1 1314 1.000000
1 1337 4.000000
1 1353 4.000000
1 1379 4.000000
1 1417 3.000000
1 1827 4.000000
1 2022 1.000000
1 2087 4.000000
1 2382 5.000000
1 2522 3.000000
1 2535 1.000000
1 2536 1.000000
1 2564 3.000000
1 2583 2.000000
1 2610 4.000000
1 2628 4.000000
1 2637 1.000000
1 2651 4.000000
1 2656 3.000000
1 2662 2.000000
1 2663 3.000000
1 2665 2.000000
1 2667 5.000000
1 2673 1.000000
1 2674 2.000000
1 2675 1.000000
1 2677 2.000000
1 2678 5.000000
1 2680 4.000000
2 337 4.000000
2 579 3.000000
2 580 3.000000
2 597 5.000000
2 673 5.000000
2 804 5.000000
2 1186 1.000000
2 1332 4.000000
2 1337 3.000000
2 1586 1.000000
2 1827 2.000000
2 2094 4.000000
2 2382 1.000000
2 2513 2.000000
2 2515 2.000000
2 2517 1.000000
2 2619 3.000000
2 2620 2.000000
2 2651 4.000000
2 2659 2.000000
2 2662 4.000000
2 2663 3.000000
2 2667 3.000000
2 2673 1.000000
2 2674 3.000000
2 2675 1.000000
2 2678 1.000000
2 2679 4.000000
2 2680 2.000000
2 2684 2.000000
3 414 3.000000
3 464 4.000000
3 542 3.000000
3 597 4.000000
3 675 4.000000
3 804 5.000000
3 977 2.000000
3 1159 2.000000
3 1244 4.000000
3 1314 2.000000
3 1429 4.000000
3 1556 1.000000
3 1827 3.000000
3 2143 4.000000
3 2171 3.000000
3 2234 2.000000
3 2325 4.000000
3 2484 1.000000
3 2542 2.000000
3 2543 3.000000
3 2545 1.000000
3 2651 3.000000
3 2656 1.000000
3 2667 5.000000
3 2673 1.000000
3 2674 2.000000
3 2675 4.000000
3 2677 1.000000
3 2678 2.000000
3 2680 3.000000
3 2683 1.000000
3 2684 3.000000
4 185 4.000000
4 217 5.000000
4 417 3.000000
4 511 4.000000
4 579 5.000000
4 582 2.000000
4 597 5.000000
4 623 5.000000
4 673 4.000000
4 722 3.000000
4 804 4.000000
4 1251 3.000000
4 1276 1.000000
4 1417 3.000000
4 1429 4.000000
4 1827 3.000000
4 2104 5.000000
4 2171 3.000000
4 2279 1.000000
4 2503 1.000000
4 2504 2.000000
4 2505 1.000000
4 2547 5.000000
4 2569 1.000000
4 2581 4.000000
4 2582 2.000000
4 2599 5.000000
4 2618 1.000000
4 2623 3.000000
4 2651 1.000000
4 2652 1.000000
4 2653 2.000000
4 2656 2.000000
4 2662 2.000000
4 2663 4.000000
4 2667 4.000000
4 2671 2.000000
4 2674 2.000000
4 2678 4.000000
4 2684 3.000000
5 63 3.000000
5 83 2.000000
5 156 5.000000
5 337 2.000000
5 403 4.000000
5 464 4.000000
5 542 4.000000
5 579 5.000000
5 582 3.000000
5 597 5.000000
5 673 4.000000
5 679 3.000000
5 804 5.000000
5 877 2.000000
5 920 5.000000
5 1042 3.000000
5 1119 1.000000
5 1353 4.000000
5 1417 5.000000
5 1482 1.000000
5 1483 2.000000
5 1516 1.000000
5 1556 3.000000
5 1614 5.000000
5 1790 4.000000
5 1827 4.000000
5 1893 5.000000
5 2413 5.000000
5 2446 1.000000
5 2469 2.000000
5 2521 3.000000
5 2534 3.000000
5 2535 5.000000
5 2537 1.000000
5 2549 3.000000
5 2559 1.000000
5 2563 2.000000
5 2579 4.000000
5 2585 3.000000
5 2592 4.000000
5 2638 3.000000
5 2647 2.000000
5 2656 2.000000
5 2660 1.000000
5 2662 1.000000
5 2665 1.000000
5 2666 2.000000
5 2667 4.000000
5 2673 2.000000
5 2674 2.000000
5 2677 1.000000
5 2678 3.000000
5 2680 2.000000
6 464 4.000000
6 542 3.000000
6 579 5.000000
6 597 5.000000
6 776 1.000000
6 804 4.000000
6 1429 2.000000
6 1790 3.000000
6 1827 3.000000
6 1893 4.000000
6 2074 2.000000
6 2104 4.000000
6 2464 4.000000
6 2586 1.000000
6 2656 2.000000
6 2659 1.000000
6 2662 1.000000
6 2663 2.000000
6 2667 3.000000
6 2672 2.000000
6 2678 1.000000
6 2680 3.000000
7 63 1.000000
7 65 4.000000
7 285 4.000000
7 579 5.000000
7 597 5.000000
7 804 5.000000
7 882 1.000000
7 1100 4.000000
7 1192 3.000000
7 1314 2.000000
7 1375 3.000000
7 1429 3.000000
7 1746 4.000000
7 1827 3.000000
7 2084 5.000000
7 2087 2.000000
7 2104 4.000000
7 2171 4.000000
7 2323 2.000000
7 2508 3.000000
7 2509 1.000000
7 2600 2.000000
7 2651 1.000000
7 2655 1.000000
7 2656 5.000000
7 2659 4.000000
7 2662 1.000000
7 2663 4.000000
7 2665 2.000000
7 2667 2.000000
7 2675 1.000000
7 2677 1.000000
7 2678 3.000000
7 2684 2.000000
8 579 4.000000
8 597 3.000000
8 804 4.000000
8 1827 1.000000
8 2393 3.000000
8 2432 2.000000
8 2651 1.000000
8 2659 3.000000
8 2667 2.000000
8 2678 2.000000
8 2680 4.000000
9 63 5.000000
9 111 4.000000
9 285 3.000000
9 375 4.000000
9 403 3.000000
9 457 4.000000
9 464 3.000000
9 542 2.000000
9 582 3.000000
9 597 5.000000
9 626 2.000000
9 673 2.000000
9 722 2.000000
9 723 2.000000
9 762 1.000000
9 790 3.000000
9 804 5.000000
9 1272 1.000000
9 1314 1.000000
9 1337 3.000000
9 1392 1.000000
9 1407 1.000000
9 1429 2.000000
9 1492 4.000000
9 1650 5.000000
9 1785 4.000000
9 1827 3.000000
9 1854 1.000000
9 1997 3.000000
9 2042 4.000000
9 2087 1.000000
9 2104 5.000000
9 2297 5.000000
9 2334 3.000000
9 2413 2.000000
9 2457 2.000000
9 2473 5.000000
9 2534 3.000000
9 2535 1.000000
9 2636 4.000000
9 2651 5.000000
9 2656 2.000000
9 2662 4.000000
9 2665 4.000000
9 2667 5.000000
9 2668 1.000000
9 2669 1.000000
9 2670 4.000000
9 2673 1.000000
9 2674 3.000000
9 2675 2.000000
9 2677 2.000000
9 2678 3.000000
9 2680 4.000000
10 104 4.000000
10 250 4.000000
10 334 2.000000
10 542 1.000000
10 579 4.000000
10 592 3.000000
10 597 5.000000
10 804 5.000000
10 1067 2.000000
10 1247 2.000000
10 1272 3.000000
10 1314 3.000000
10 1537 1.000000
10 1687 1.000000
10 1827 4.000000
10 2074 2.000000
10 2084 3.000000
10 2104 5.000000
10 2171 3.000000
10 2223 3.000000
10 2250 5.000000
10 2455 1.000000
10 2553 1.000000
10 2587 5.000000
10 2656 2.000000
10 2659 3.000000
10 2662 1.000000
10 2663 2.000000
10 2667 4.000000
10 2668 1.000000
10 2673 2.000000
10 2680 4.000000
11 534 3.000000
11 592 2.000000
11 597 5.000000
11 673 4.000000
11 804 4.000000
11 951 4.000000
11 1067 1.000000
11 1247 2.000000
11 1262 3.000000
11 1332 5.000000
11 1537 2.000000
11 1540 4.000000
11 1758 4.000000
11 1807 5.000000
11 1827 2.000000
11 2084 1.000000
11 2102 3.000000
11 2171 1.000000
11 2223 2.000000
11 2279 5.000000
11 2553 4.000000
11 2651 1.000000
11 2656 2.000000
11 2659 4.000000
11 2662 1.000000
11 2663 3.000000
11 2665 1.000000
11 2673 3.000000
11 2677 1.000000
11 2678 3.000000
11 2684 1.000000
12 104 4.000000
12 247 1.000000
12 337 3.000000
12 464 5.000000
12 542 4.000000
12 579 5.000000
12 597 5.000000
12 673 4.000000
12 762 1.000000
12 804 5.000000
12 977 3.000000
12 1067 2.000000
12 1187 4.000000
12 1195 2.000000
12 1297 1.000000
12 1314 3.000000
12 1483 3.000000
12 1567 1.000000
12 1650 3.000000
12 1687 4.000000
12 1738 2.000000
12 1827 4.000000
12 2279 4.000000
12 2281 2.000000
12 2334 3.000000
12 2461 2.000000
12 2514 3.000000
12 2543 2.000000
12 2544 4.000000
12 2545 4.000000
12 2616 2.000000
12 2651 3.000000
12 2654 1.000000
12 2656 5.000000
12 2661 1.000000
12 2662 3.000000
12 2667 5.000000
12 2673 4.000000
12 2674 2.000000
12 2677 3.000000
12 2678 3.000000
12 2680 5.000000
12 2683 1.000000
12 2684 4.000000
13 104 5.000000
13 140 3.000000
13 224 3.000000
13 278 1.000000
13 315 3.000000
13 337 4.000000
13 417 1.000000
13 464 2.000000
13 542 3.000000
13 579 2.000000
13 597 5.000000
13 673 3.000000
13 804 5.000000
13 816 4.000000
13 986 3.000000
13 989 1.000000
13 1063 1.000000
13 1265 1.000000
13 1272 3.000000
13 1276 2.000000
13 1288 1.000000
13 1314 4.000000
13 1337 4.000000
13 1429 3.000000
13 1482 2.000000
13 1650 3.000000
13 1790 2.000000
13 1827 4.000000
13 1874 4.000000
13 1952 4.000000
13 1966 3.000000
13 2023 1.000000
13 2087 3.000000
13 2104 5.000000
13 2143 3.000000
13 2281 4.000000
13 2297 5.000000
13 2334 5.000000
13 2439 1.000000
13 2448 2.000000
13 2483 1.000000
13 2486 1.000000
13 2487 5.000000
13 2491 4.000000
13 2511 4.000000
13 2541 2.000000
13 2543 3.000000
13 2544 2.000000
13 2545 3.000000
13 2553 4.000000
13 2554 2.000000
13 2555 2.000000
13 2565 2.000000
13 2568 1.000000
13 2577 1.000000
13 2597 1.000000
13 2614 3.000000
13 2640 2.000000
13 2651 5.000000
13 2653 4.000000
13 2654 2.000000
13 2655 2.000000
13 2656 5.000000
13 2662 2.000000
13 2667 5.000000
13 2673 5.000000
13 2674 4.000000
13 2675 1.000000
13 2677 3.000000
13 2678 4.000000
13 2680 5.000000
13 2683 1.000000
13 2684 5.000000
14 83 3.000000
14 140 1.000000
14 172 4.000000
14 266 3.000000
14 579 5.000000
14 597 5.000000
14 804 4.000000
14 977 2.000000
14 986 1.000000
14 1063 2.000000
14 1119 3.000000
14 1174 4.000000
14 1195 4.000000
14 1252 2.000000
14 1299 5.000000
14 1332 5.000000
14 1379 4.000000
14 1452 1.000000
14 1483 2.000000
14 1796 2.000000
14 1827 5.000000
14 1966 1.000000
14 2009 4.000000
14 2171 2.000000
14 2297 3.000000
14 2434 4.000000
14 2543 3.000000
14 2651 5.000000
14 2656 2.000000
14 2666 3.000000
14 2667 5.000000
14 2674 3.000000
14 2678 2.000000
14 2680 4.000000
14 2683 1.000000
14 2684 3.000000
15 337 5.000000
15 542 4.000000
15 597 5.000000
15 842 4.000000
15 951 4.000000
15 986 3.000000
15 1063 1.000000
15 1239 5.000000
15 1276 1.000000
15 1407 3.000000
15 1446 2.000000
15 1452 3.000000
15 1827 4.000000
15 1966 2.000000
15 2143 5.000000
15 2171 3.000000
15 2234 3.000000
15 2541 1.000000
15 2543 3.000000
15 2544 2.000000
15 2545 4.000000
15 2651 5.000000
15 2654 1.000000
15 2655 1.000000
15 2656 2.000000
15 2662 1.000000
15 2667 4.000000
15 2668 2.000000
15 2673 3.000000
15 2674 2.000000
15 2677 2.000000
15 2678 4.000000
15 2680 4.000000
15 2683 1.000000
15 2684 3.000000
16 580 1.000000
16 597 5.000000
16 623 4.000000
16 804 5.000000
16 951 4.000000
16 977 4.000000
16 1090 1.000000
16 1251 4.000000
16 1337 3.000000
16 1738 5.000000
16 1827 3.000000
16 1932 3.000000
16 2281 3.000000
16 2556 2.000000
16 2557 2.000000
16 2558 1.000000
16 2589 2.000000
16 2651 4.000000
16 2661 1.000000
16 2663 2.000000
16 2667 4.000000
16 2674 1.000000
16 2677 2.000000
16 2678 3.000000
16 2680 5.000000
17 464 4.000000
17 579 5.000000
17 597 5.000000
17 722 2.000000
17 804 5.000000
17 951 5.000000
17 977 3.000000
17 986 2.000000
17 1738 3.000000
17 1827 4.000000
17 1966 3.000000
17 2009 5.000000
17 2104 5.000000
17 2279 4.000000
17 2506 3.000000
17 2541 1.000000
17 2543 1.000000
17 2544 1.000000
17 2545 4.000000
17 2553 4.000000
17 2651 3.000000
17 2653 1.000000
17 2656 3.000000
17 2662 2.000000
17 2667 4.000000
17 2673 4.000000
17 2674 2.000000
17 2675 3.000000
17 2677 1.000000
17 2678 2.000000
17 2680 3.000000
17 2683 1.000000
17 2684 2.000000
18 99 1.000000
18 111 5.000000
18 172 5.000000
18 174 3.000000
18 412 2.000000
18 457 3.000000
18 542 3.000000
18 597 5.000000
18 673 3.000000
18 804 5.000000
18 920 3.000000
18 951 5.000000
18 977 4.000000
18 1119 2.000000
18 1139 4.000000
18 1165 2.000000
18 1195 4.000000
18 1272 2.000000
18 1290 5.000000
18 1417 5.000000
18 1473 5.000000
18 1540 4.000000
18 1650 5.000000
18 1738 4.000000
18 1807 5.000000
18 1827 4.000000
18 1912 1.000000
18 2104 4.000000
18 2171 2.000000
18 2179 4.000000
18 2223 3.000000
18 2268 2.000000
18 2452 4.000000
18 2455 1.000000
18 2458 1.000000
18 2495 2.000000
18 2496 3.000000
18 2499 4.000000
18 2507 3.000000
18 2518 1.000000
18 2539 1.000000
18 2550 4.000000
18 2552 2.000000
18 2572 3.000000
18 2575 3.000000
18 2577 1.000000
18 2580 3.000000
18 2590 4.000000
18 2600 1.000000
18 2604 5.000000
18 2651 5.000000
18 2652 1.000000
18 2655 2.000000
18 2656 4.000000
18 2658 1.000000
18 2659 5.000000
18 2660 3.000000
18 2662 4.000000
18 2663 2.000000
18 2665 4.000000
18 2667 3.000000
18 2672 2.000000
18 2674 1.000000
18 2675 4.000000
18 2677 2.000000
18 2678 5.000000
18 2681 3.000000
18 2684 3.000000
19 54 2.000000
19 421 2.000000
19 429 4.000000
19 597 5.000000
19 626 1.000000
19 627 4.000000
19 673 4.000000
19 762 2.000000
19 790 2.000000
19 804 5.000000
19 951 1.000000
19 975 4.000000
19 1090 2.000000
19 1100 1.000000
19 1298 3.000000
19 1304 3.000000
19 1332 5.000000
19 1371 3.000000
19 1400 1.000000
19 1446 5.000000
19 1746 5.000000
19 1807 3.000000
19 2094 3.000000
19 2171 3.000000
19 2535 1.000000
19 2619 4.000000
19 2651 4.000000
19 2653 1.000000
19 2655 1.000000
19 2656 4.000000
19 2659 5.000000
19 2662 4.000000
19 2663 3.000000
19 2665 4.000000
19 2667 5.000000
19 2673 2.000000
19 2674 2.000000
19 2675 1.000000
19 2677 3.000000
19 2678 3.000000
19 2680 2.000000
20 107 1.000000
20 597 4.000000
20 673 1.000000
20 739 2.000000
20 763 4.000000
20 804 5.000000
20 905 5.000000
20 975 3.000000
20 1090 2.000000
20 1109 3.000000
20 1314 3.000000
20 1337 3.000000
20 1717 3.000000
20 1785 2.000000
20 1827 3.000000
20 2297 4.000000
20 2459 4.000000
20 2543 2.000000
20 2651 4.000000
20 2654 1.000000
20 2662 1.000000
20 2667 4.000000
20 2674 2.000000
20 2677 2.000000
20 2678 4.000000
20 2680 3.000000
20 2683 1.000000
20 2684 2.000000
21 63 2.000000
21 377 1.000000
21 542 2.000000
21 579 5.000000
21 597 5.000000
21 673 4.000000
21 723 4.000000
21 739 2.000000
21 804 5.000000
21 951 3.000000
21 1290 5.000000
21 1307 4.000000
21 1337 4.000000
21 1429 4.000000
21 1738 3.000000
21 1827 5.000000
21 2084 3.000000
21 2102 1.000000
21 2104 3.000000
21 2223 2.000000
21 2409 3.000000
21 2432 5.000000
21 2455 2.000000
21 2473 5.000000
21 2507 2.000000
21 2508 1.000000
21 2516 2.000000
21 2532 3.000000
21 2573 2.000000
21 2600 2.000000
21 2603 3.000000
21 2651 2.000000
21 2652 1.000000
21 2655 2.000000
21 2656 5.000000
21 2658 4.000000
21 2659 5.000000
21 2662 3.000000
21 2663 4.000000
21 2664 1.000000
21 2665 1.000000
21 2667 3.000000
21 2672 4.000000
21 2673 4.000000
21 2675 4.000000
21 2677 3.000000
21 2678 4.000000
21 2681 1.000000
21 2684 3.000000
22 104 2.000000
22 105 4.000000
22 226 2.000000
22 337 3.000000
22 507 3.000000
22 579 5.000000
22 597 5.000000
22 673 4.000000
22 804 5.000000
22 901 2.000000
22 905 1.000000
22 920 3.000000
22 922 1.000000
22 1090 3.000000
22 1119 2.000000
22 1134 1.000000
22 1139 5.000000
22 1290 4.000000
22 1337 5.000000
22 1417 4.000000
22 1650 3.000000
22 1827 3.000000
22 2087 3.000000
22 2102 1.000000
22 2104 4.000000
22 2195 5.000000
22 2223 3.000000
22 2297 2.000000
22 2307 3.000000
22 2452 1.000000
22 2455 2.000000
22 2472 5.000000
22 2571 2.000000
22 2573 2.000000
22 2629 4.000000
22 2642 2.000000
22 2651 2.000000
22 2653 3.000000
22 2655 2.000000
22 2656 5.000000
22 2658 2.000000
22 2659 5.000000
22 2662 4.000000
22 2663 4.000000
22 2665 1.000000
22 2667 3.000000
22 2672 3.000000
22 2673 3.000000
22 2674 1.000000
22 2675 2.000000
22 2677 4.000000
22 2678 5.000000
22 2681 3.000000
22 2684 4.000000
23 140 2.000000
23 223 3.000000
23 597 5.000000
23 673 3.000000
23 804 5.000000
23 1063 5.000000
23 1067 2.000000
23 1314 2.000000
23 1537 1.000000
23 1827 2.000000
23 2104 4.000000
23 2171 2.000000
23 2293 3.000000
23 2543 4.000000
23 2651 4.000000
23 2655 1.000000
23 2656 4.000000
23 2667 5.000000
23 2673 1.000000
23 2674 3.000000
23 2678 4.000000
23 2680 3.000000
23 2684 1.000000
24 323 4.000000
24 414 2.000000
24 579 2.000000
24 597 4.000000
24 666 4.000000
24 673 5.000000
24 744 5.000000
24 804 5.000000
24 905 5.000000
24 951 5.000000
24 1187 1.000000
24 1537 5.000000
24 1746 3.000000
24 2104 2.000000
24 2191 3.000000
24 2196 3.000000
24 2235 2.000000
24 2304 3.000000
24 2490 3.000000
24 2530 1.000000
24 2584 1.000000
24 2662 4.000000
24 2663 2.000000
24 2667 1.000000
24 2678 5.000000
24 2684 3.000000
25 63 2.000000
25 597 4.000000
25 673 3.000000
25 763 3.000000
25 804 4.000000
25 1267 1.000000
25 1807 2.000000
25 2008 1.000000
25 2104 3.000000
25 2223 3.000000
25 2460 2.000000
25 2462 1.000000
25 2658 2.000000
25 2659 5.000000
25 2663 2.000000
25 2667 4.000000
25 2673 1.000000
25 2678 3.000000
25 2680 4.000000
26 140 1.000000
26 464 4.000000
26 580 5.000000
26 597 4.000000
26 804 4.000000
26 951 4.000000
26 986 2.000000
26 1090 1.000000
26 1785 3.000000
26 1966 1.000000
26 2104 4.000000
26 2279 3.000000
26 2541 1.000000
26 2543 3.000000
26 2545 2.000000
26 2651 3.000000
26 2655 2.000000
26 2661 1.000000
26 2667 1.000000
26 2673 2.000000
26 2674 2.000000
26 2677 2.000000
26 2678 5.000000
26 2684 3.000000
27 185 3.000000
27 223 2.000000
27 337 4.000000
27 375 3.000000
27 542 1.000000
27 597 5.000000
27 673 4.000000
27 718 3.000000
27 722 2.000000
27 804 5.000000
27 851 3.000000
27 951 5.000000
27 977 4.000000
27 1195 3.000000
27 1247 4.000000
27 1314 3.000000
27 1379 2.000000
27 1407 2.000000
27 1520 5.000000
27 1650 4.000000
27 1827 3.000000
27 2074 4.000000
27 2087 2.000000
27 2104 5.000000
27 2303 4.000000
27 2435 1.000000
27 2440 3.000000
27 2475 1.000000
27 2476 1.000000
27 2521 2.000000
27 2524 4.000000
27 2548 2.000000
27 2556 2.000000
27 2557 1.000000
27 2558 1.000000
27 2566 4.000000
27 2577 5.000000
27 2593 5.000000
27 2594 1.000000
27 2622 5.000000
27 2651 4.000000
27 2662 1.000000
27 2663 2.000000
27 2667 5.000000
27 2671 2.000000
27 2673 3.000000
27 2674 1.000000
27 2677 1.000000
27 2678 1.000000
27 2680 4.000000
